0.001 ! integration step
0.1   ! time lap
50    ! total time
 1000
 1.000   5.523895e-01  -3.709290e+00  -9.609295e-01   2.023658e-01
 1.000   1.247660e+00   2.290589e+00  -3.167761e-01   1.133478e+00
 1.000   2.074239e+00   3.773244e+00  -1.610099e+00   1.747415e-01
 1.000  -2.235389e-01  -7.242365e-01   1.075448e+00  -5.697425e-01
 1.000   2.972078e-01  -8.756001e-01  -1.727241e+00   4.050601e-02
 1.000   4.342372e+00   2.304587e+00  -7.394929e-01   1.348504e+00
 1.000  -3.637767e+00  -2.761325e-01  -4.907970e-01   4.210894e-01
 1.000   1.079537e+00  -3.550598e+00  -7.422660e-01  -6.817376e-01
 1.000   2.629611e+00  -9.469299e-01  -1.828836e+00  -2.710028e-01
 1.000  -2.184602e+00  -5.000887e-01   4.605438e-01   1.018412e+00
 1.000  -1.964731e+00   2.062504e+00  -6.772725e-01   8.144112e-01
 1.000   9.825253e-01  -8.933270e-01   1.728858e+00  -6.103120e-01
 1.000  -1.612862e+00   2.625017e-01  -1.765702e-01   4.827527e-02
 1.000  -2.425263e+00   3.199479e-01   6.071095e-01  -1.574235e-01
 1.000  -1.510588e+00   6.997582e-01   4.102664e-01   1.039094e+00
 1.000   1.954941e+00  -2.772043e-01  -6.425339e-01   2.406021e-01
 1.000   2.075703e-01   6.011483e-01  -6.901061e-01   8.696707e-02
 1.000   1.936268e+00   1.739214e+00  -5.404362e-01  -4.355805e-01
 1.000   1.135424e+00   9.305309e-01   2.310735e+00   1.607299e+00
 1.000  -2.330888e+00  -4.072023e+00   1.439075e+00   1.488232e+00
 1.000  -2.310969e+00   6.690281e+00   1.777820e+00   9.169706e-02
 1.000   2.533121e-01  -1.388392e+00  -2.041712e-01  -8.518213e-01
 1.000   1.115207e+00   1.982594e-01   7.037365e-02  -6.918875e-01
 1.000   1.275710e+00   1.406188e+00  -1.537181e+00   1.848036e+00
 1.000  -1.832329e+00  -1.572062e+00   2.924872e-01  -9.967784e-01
 1.000   2.238221e+00  -1.966826e+00  -6.340615e-01  -5.077217e-01
 1.000   4.888978e-01  -1.162853e+00  -2.127821e+00  -9.176298e-01
 1.000   8.589855e-01   1.596770e+00  -7.843028e-01  -6.104003e-01
 1.000  -1.220282e+00   2.370775e+00  -5.168782e-01   6.458002e-01
 1.000  -1.421810e+00  -1.562292e+00   4.761169e-02  -5.035970e-02
 1.000  -4.608882e-01   2.403564e-01  -2.211766e-01   1.123960e-01
 1.000  -1.577082e+00  -5.920279e+00   2.288025e+00   1.333133e+00
 1.000  -1.591305e+00   5.691307e-01   1.001117e+00  -1.562834e-01
 1.000   1.044932e+00   1.670751e-01  -1.426272e-01  -1.549362e+00
 1.000   5.441449e+00   1.221982e+00   6.474329e-01  -2.680735e+00
 1.000  -1.672030e+00  -7.425867e-03   1.589629e+00   7.242739e-02
 1.000   7.860471e-01   1.368956e+00  -1.040600e+00   1.201886e+00
 1.000   1.550261e+00   1.111972e+00   4.362904e-03  -7.712039e-01
 1.000  -1.082102e+00   3.048801e+00   1.382970e-01  -9.851877e-01
 1.000   2.416628e+00   1.025208e-01  -4.083036e-01   6.200394e-01
 1.000  -8.534047e-01   1.615847e+00   1.111823e+00  -1.576438e+00
 1.000   1.144172e-01  -2.080377e+00   2.298300e-01   8.292906e-01
 1.000   1.868154e+00  -2.401029e-01   1.424874e+00   1.052927e+00
 1.000   4.413890e+00  -6.799895e+00   2.754607e-01  -5.793036e-01
 1.000   2.466916e+00  -1.175795e+00  -2.528760e+00   9.709319e-01
 1.000  -1.954016e+00   9.361068e-01   4.955666e-01  -9.351752e-02
 1.000   5.742112e+00  -2.416205e+00   1.808011e+00  -4.621420e-02
 1.000   2.007064e+00   2.261419e+00  -9.986349e-01   9.788307e-01
 1.000   1.119937e+00  -1.236828e+00  -1.070945e+00   6.456770e-01
 1.000  -4.497397e-01   4.431769e+00  -1.008865e+00  -1.242780e-01
 1.000  -3.086590e-01   5.751807e-01  -3.464134e-01  -5.005874e-01
 1.000   1.158580e+00   1.866467e+00  -1.026475e+00  -1.946598e+00
 1.000   3.339094e+00   3.434445e+00   3.989646e-01  -5.046051e-01
 1.000  -5.074433e-01  -2.326131e+00   9.494764e-01   2.029411e+00
 1.000   1.068761e+00  -2.818096e+00   7.578302e-02  -2.389005e+00
 1.000  -2.119682e+00  -8.922788e-01  -6.231288e-02   1.420162e+00
 1.000  -2.325040e+00  -1.244018e+00   1.422443e+00   8.478292e-01
 1.000   1.218520e+00   1.230405e+00   4.237822e-02  -7.123523e-01
 1.000   1.008454e+00  -1.351439e+00   7.016824e-02   2.790837e-01
 1.000   2.626890e+00   1.806716e+00   8.911203e-01   1.305186e+00
 1.000  -4.196395e+00  -5.155821e-01  -3.093876e-01  -3.090930e-01
 1.000   2.047107e+00  -6.293552e-01  -1.225852e+00   9.798545e-01
 1.000   2.145670e+00   6.517047e-02   1.941822e-01   1.313889e-01
 1.000   5.050367e+00  -3.498407e-01   1.265326e+00   1.092400e+00
 1.000  -1.684059e+00   1.531678e-01   8.232509e-01   1.979041e-01
 1.000  -1.342608e+00  -6.343526e-01  -2.666207e+00  -3.254660e-01
 1.000  -1.250856e+00  -2.115299e+00  -8.851111e-01  -5.389700e-01
 1.000   2.112134e+00   8.949711e-03   1.388928e+00  -5.899283e-01
 1.000   4.275173e-01  -3.391466e+00   6.239059e-01   1.239928e+00
 1.000   2.696015e+00  -3.928057e+00   1.276199e+00  -6.387374e-01
 1.000  -4.634532e-01   8.873668e-02  -6.396329e-01  -8.551550e-01
 1.000  -3.424717e+00   3.224197e+00   7.212651e-02  -4.908230e-01
 1.000  -1.323837e+00  -1.158371e+00  -4.108850e-01  -2.530018e-01
 1.000   3.486314e-01   1.597711e+00  -8.956377e-01   1.122308e+00
 1.000   1.074651e+00  -1.647773e+00  -1.046444e+00   1.551060e-01
 1.000   2.921803e-01  -1.812979e-01  -5.369150e-03   1.958839e-01
 1.000   1.882576e+00   2.354643e+00   1.025934e+00   3.238234e-01
 1.000   4.966057e-02   6.099657e-01   1.239631e+00  -4.592264e-01
 1.000   1.909005e+00  -1.294721e-02  -6.932945e-02   8.178724e-01
 1.000   4.295906e-01   2.484817e+00  -9.513190e-01  -2.268778e+00
 1.000   2.936710e-01   5.850832e-01  -2.298955e+00  -1.061216e-01
 1.000  -1.262244e+00  -8.181275e-01  -4.450858e-01   8.089243e-01
 1.000   7.461228e-02   1.867706e+00   6.637248e-01  -2.449413e+00
 1.000  -2.757346e+00  -6.559951e-01  -2.314221e-01  -8.200020e-01
 1.000   7.834695e-01   1.496610e+00   7.103244e-01  -2.025102e-01
 1.000   3.209287e-01  -1.224219e+00  -2.714424e-01   2.751878e-01
 1.000   1.376849e+00   3.641367e-01   2.373922e-01   2.271283e+00
 1.000   9.359741e-01  -1.431456e+00   7.201498e-01   4.748971e-01
 1.000   4.468331e-01  -4.591417e-01   1.285162e-01  -8.904281e-01
 1.000  -8.199870e-01  -2.389494e+00  -1.179048e+00  -8.911757e-01
 1.000  -2.429340e+00  -3.327503e+00  -3.787405e-01  -7.424219e-01
 1.000   2.576477e+00  -1.250560e+00  -8.439656e-01   1.337221e-01
 1.000   3.910409e+00  -3.789616e+00  -3.526162e+00  -9.425987e-01
 1.000  -4.974128e-01   2.589906e+00   4.423039e-02  -1.735280e+00
 1.000  -2.554429e+00  -2.461411e+00   7.457980e-01  -3.885335e-01
 1.000   6.764336e-01   1.020537e+00  -1.477417e+00   6.448550e-01
 1.000   1.006848e-01  -1.624660e+00   1.825378e-01  -1.106780e+00
 1.000  -2.937344e-01   4.104574e+00   1.329356e+00   8.248087e-03
 1.000   2.290603e+00   1.529261e-01  -1.242538e+00   1.066126e+00
 1.000  -1.721453e+00  -7.754317e-01   3.830263e-01   6.780337e-01
 1.000   3.209778e+00   2.197690e+00   1.849711e-01   9.212693e-01
 1.000  -3.206492e+00  -1.642159e+00   4.472792e-01  -1.161344e+00
 1.000   1.117629e+00   3.637718e+00   8.004987e-01  -5.151145e-02
 1.000  -3.062067e+00   1.749440e-01  -1.465700e+00   1.343042e+00
 1.000   2.675760e+00   2.260752e+00   8.599250e-01   4.656954e-01
 1.000  -2.883738e+00  -1.373644e+00   9.282839e-02  -1.495627e+00
 1.000   9.321231e-01  -1.103645e+00  -5.624986e-01   1.430372e+00
 1.000   1.244880e+00  -5.432613e-02   1.988313e-01   1.278740e+00
 1.000   2.484657e+00  -3.307813e+00   1.343018e+00   5.597028e-02
 1.000  -6.769626e-01   2.811189e+00   7.616521e-01  -9.957557e-01
 1.000  -2.255679e+00   1.293469e+00   6.851624e-01  -1.145362e+00
 1.000  -1.422466e+00  -9.604061e-01   3.859698e-01  -5.104723e-01
 1.000   2.615849e+00   1.912904e+00  -2.375280e+00   4.407988e-01
 1.000   2.049666e+00  -2.590356e+00  -4.737412e-01   3.293581e-01
 1.000   6.745167e-01   5.313623e-01   6.904866e-01  -1.331892e-01
 1.000   1.992719e+00   2.513519e+00  -9.544120e-02  -7.719861e-01
 1.000  -4.432391e+00  -6.574524e-01   8.583220e-01   7.170216e-01
 1.000   2.428934e-01   1.011481e+00  -8.056945e-01  -4.081968e-01
 1.000  -1.044812e+00  -1.183581e+00  -1.377904e+00  -3.303789e-02
 1.000   1.644264e-02   8.033257e-01  -1.056530e+00  -1.639869e+00
 1.000   3.755068e+00  -1.089227e+00  -5.017786e-01  -1.492998e+00
 1.000   7.522408e-01  -1.422389e+00  -4.044009e-02   1.029054e-01
 1.000   3.901939e+00  -1.518017e+00   2.436643e+00  -6.933481e-01
 1.000   4.584008e-01   2.813634e+00  -6.178595e-01  -1.002700e+00
 1.000  -2.138968e+00  -2.438907e+00  -3.700200e-02  -1.863861e+00
 1.000   1.270175e+00  -1.279833e+00  -7.973575e-01   4.133629e-02
 1.000   3.199977e+00  -1.461098e+00   5.250663e-01  -8.885377e-01
 1.000  -2.019379e+00  -2.005206e+00  -3.012617e-01  -2.371705e+00
 1.000   1.362251e-01  -4.189194e+00  -8.316974e-01   3.608358e-01
 1.000   4.078668e-01   7.762514e-01  -5.455142e-01   1.389412e+00
 1.000  -3.514299e+00  -9.649124e-01   3.030646e-01  -7.152754e-01
 1.000  -1.015595e+00   2.777299e+00  -4.468429e-01  -5.175502e-01
 1.000   1.209663e-01  -9.789382e-02  -5.565050e-01   1.586121e+00
 1.000  -1.097736e+00   2.150912e+00   2.455236e-01   2.792774e+00
 1.000   1.666691e+00  -2.951707e+00  -3.074537e-01   1.425224e+00
 1.000   1.494105e+00   2.005131e+00  -1.040472e+00  -1.114751e+00
 1.000   4.515611e-01   1.950517e+00   7.006106e-02  -1.002071e+00
 1.000   1.476823e+00  -3.078081e+00  -3.047467e-01  -1.836396e+00
 1.000  -1.229484e+00   4.162623e-01   1.292450e+00  -9.568978e-02
 1.000  -3.759454e-01  -1.726373e+00   2.295068e+00  -5.525644e-01
 1.000  -2.475230e+00  -2.584735e+00   2.143082e-01  -5.655612e-01
 1.000  -3.998610e+00  -1.476771e-01  -1.020230e-01  -6.117176e-01
 1.000  -5.537784e-01  -2.720578e+00  -9.560476e-01   9.535031e-01
 1.000   1.171003e+00  -1.950610e+00   2.032109e-01  -1.288334e-02
 1.000  -3.288246e+00  -2.542529e+00   1.750561e+00   1.653374e+00
 1.000  -2.106136e+00   5.585660e-01   9.728127e-01   9.022492e-01
 1.000  -1.650282e+00   6.421789e-01  -3.589937e-02  -3.905387e-01
 1.000  -2.276304e-01   2.715856e+00   6.776887e-01  -3.986785e-01
 1.000  -2.310429e-01  -1.527461e+00   6.715636e-01   8.864625e-01
 1.000  -5.518524e+00  -3.123785e-01  -5.259604e-01   1.868778e+00
 1.000   1.688222e+00  -1.917006e-01   8.164356e-01   3.555850e-01
 1.000  -9.414735e-02   5.535650e-01   9.083432e-01  -2.511278e+00
 1.000  -2.521391e-01   1.079659e+00  -1.331048e-01  -6.637404e-02
 1.000  -1.662636e+00  -3.992769e-01   5.049842e-01  -4.427356e-01
 1.000  -1.106278e+00   1.792402e+00  -3.464998e-01   9.809942e-01
 1.000   3.144392e+00   3.265166e+00  -1.015258e+00   1.019245e+00
 1.000  -9.521053e-01  -3.319902e-02  -1.349330e-01   1.376943e+00
 1.000   1.084498e+00  -5.415311e-01   5.834394e-01  -4.482480e-01
 1.000  -2.316580e+00   2.548280e-01  -2.380678e-01   1.902306e-02
 1.000  -5.987916e-01  -2.202687e+00  -5.827768e-01   2.110906e-01
 1.000   5.246865e-01  -6.294119e-01  -4.172766e-02  -1.534748e-01
 1.000  -2.761086e+00  -5.684075e-01   6.750991e-01   1.733448e-01
 1.000   2.121133e+00   2.108279e+00   3.023043e-01  -1.053092e-02
 1.000   1.277966e+00  -3.401899e-02  -2.998837e-01  -8.219421e-01
 1.000   5.598451e-01  -3.923133e-01  -1.088344e+00   1.387707e+00
 1.000   1.311322e-01  -1.733109e+00   1.804917e+00   1.304893e+00
 1.000   2.126120e+00  -1.482424e+00   1.007278e+00  -2.707236e-01
 1.000   2.802175e+00  -4.287869e+00   6.768316e-01  -6.439701e-02
 1.000  -1.091517e+00  -1.218320e-01   3.643037e-01  -4.989722e-01
 1.000   1.421100e+00   1.556877e+00   1.078698e+00  -8.192529e-03
 1.000  -9.154592e-01   1.427912e+00   5.130627e-01   6.766312e-01
 1.000   1.487548e+00  -4.747993e-01  -1.885453e+00  -8.745534e-01
 1.000   1.409180e+00  -3.045892e+00  -6.856597e-01   1.248743e+00
 1.000  -1.146486e+00   1.388316e+00  -1.005628e+00  -1.687791e+00
 1.000  -2.812386e-01   7.528148e-01  -1.930585e+00   1.159503e+00
 1.000  -1.663429e+00  -1.724441e-02   3.885212e-01  -4.120760e-01
 1.000  -2.150358e+00  -2.824577e+00  -1.358359e-01   2.344004e-01
 1.000  -2.264606e+00   2.253348e+00   2.945946e-01  -2.324823e+00
 1.000  -1.044232e+00   1.146124e+00  -1.289692e-01   2.359808e-01
 1.000  -2.906425e+00  -1.001348e+00   4.335941e-02  -1.685420e+00
 1.000   1.531665e+00   8.065422e-02   5.854951e-01   5.035037e-01
 1.000   3.261829e-01  -4.826498e+00  -8.718873e-01   4.662951e-01
 1.000   5.394728e+00   5.643219e-01  -3.271477e-01  -1.423724e+00
 1.000  -3.093999e+00  -5.389973e-01   4.111559e-01  -1.678989e+00
 1.000  -1.917568e+00   7.142607e-01  -7.011489e-02   5.280574e-02
 1.000  -2.065984e+00   5.834428e-01  -1.122142e+00   2.629675e-01
 1.000   5.949745e-01  -1.188057e+00   1.277920e+00  -1.586841e-01
 1.000   1.180628e+00  -6.579979e-02   1.180589e-01  -7.950041e-01
 1.000  -1.301334e+00  -1.996643e-01  -7.146820e-02   3.581810e-01
 1.000  -7.777750e-02  -3.267614e-01  -1.116567e+00   5.293634e-01
 1.000   3.879574e-02  -6.434296e-01   2.201110e-01   1.776405e-01
 1.000   2.281807e+00   3.472623e-01  -1.500401e+00   2.220752e-01
 1.000   2.076253e+00   2.609970e+00  -9.654849e-01   2.632305e-02
 1.000   1.196510e-01   1.799847e+00  -2.121690e-01   5.274098e-01
 1.000  -1.292349e-01  -7.549736e-01   4.605908e-01   1.732503e+00
 1.000   2.583093e+00   1.367829e+00  -6.531578e-01   1.770005e+00
 1.000   2.005034e-01  -1.300825e+00   4.941867e-01  -2.431411e-01
 1.000   8.899789e-01   1.187034e+00   3.041002e-01  -1.548086e+00
 1.000  -4.752099e-01   1.707963e-01   1.203710e+00  -9.308030e-01
 1.000   5.340613e-01  -3.265014e+00  -5.907501e-01  -1.428047e+00
 1.000   3.391041e+00   1.469637e+00   6.070483e-01  -9.178634e-01
 1.000  -3.850095e+00   2.693353e+00  -2.629053e-01  -1.312957e+00
 1.000   1.553894e+00  -1.424685e+00   1.071137e+00   9.818015e-01
 1.000  -2.109055e+00  -1.657580e-03   5.378408e-01  -3.437022e-01
 1.000  -1.437229e+00   6.712931e-01  -8.030314e-01   5.334697e-03
 1.000   3.036170e+00  -2.924447e+00  -6.226243e-01   2.407060e-01
 1.000  -6.144607e-02   3.256806e+00  -7.377530e-01  -1.223905e+00
 1.000   3.981240e+00   7.461690e-01   2.128044e-03   2.290039e+00
 1.000  -1.173702e+00   1.216867e+00   9.118410e-01  -1.066004e+00
 1.000  -1.747250e+00  -1.765986e+00   1.832492e-01  -5.784129e-01
 1.000   2.577696e+00   3.995267e-01  -3.962452e-01  -6.706185e-01
 1.000   1.083094e+00  -2.115313e+00  -7.516754e-01  -1.065560e+00
 1.000  -7.191989e-01  -9.478866e-01  -1.129090e+00  -4.281432e-01
 1.000  -1.878344e+00   9.020721e-01   1.079727e-01  -1.288911e+00
 1.000   3.408199e-01  -1.810013e+00   1.483498e+00  -4.880307e-01
 1.000   1.979431e+00  -8.487368e-01  -5.387326e-01   4.368407e-01
 1.000  -2.561974e+00  -1.130080e+00   6.303533e-01  -6.391163e-01
 1.000   2.617389e-01  -7.178419e-03  -9.041843e-01   1.779370e+00
 1.000  -7.379142e-01   1.553381e+00   6.580519e-02  -9.565587e-01
 1.000   8.136477e-01  -3.258871e+00   7.777773e-01  -8.548908e-01
 1.000  -2.378879e+00   6.429400e+00   7.217286e-01   2.586830e-01
 1.000   3.564275e+00  -3.078711e+00   5.667843e-01  -6.812499e-01
 1.000   4.506773e+00  -1.403374e+00  -1.788201e+00   7.990403e-01
 1.000  -9.728240e-01  -7.205062e-01   7.319095e-01  -3.015377e-01
 1.000   5.348083e-01   3.332020e+00  -5.471134e-01   1.876592e+00
 1.000   3.097540e+00   3.010367e+00  -1.280629e+00  -2.723856e-01
 1.000   1.318598e+00   9.379043e-01  -2.400448e-01  -3.718342e-01
 1.000  -2.407923e-01  -1.498438e+00   9.518040e-01  -1.935938e+00
 1.000   4.488328e+00  -9.251563e-01  -6.382210e-01   6.735994e-01
 1.000  -3.186693e+00   2.499308e+00   4.139782e-01  -4.212429e-02
 1.000  -1.434409e+00   9.734067e-01   2.058418e+00   6.171956e-01
 1.000   7.703890e-01  -3.021196e+00  -2.983418e-01  -8.337427e-01
 1.000   2.553068e-02   1.082588e+00   9.486385e-02   6.190970e-01
 1.000  -2.350597e+00   1.419689e+00   1.866815e-02   6.308449e-01
 1.000   5.965423e-02   4.391041e-02   8.556715e-02  -3.653567e-01
 1.000   2.259609e+00   8.810146e-01  -1.375433e+00   1.797782e-01
 1.000  -1.734118e+00  -1.885609e+00  -6.852192e-03  -9.638659e-01
 1.000   1.767906e+00  -5.217002e-01   4.972405e-01  -6.163642e-01
 1.000  -1.371435e-01  -1.067831e+00   1.450924e-01   8.336066e-02
 1.000   1.203025e+00  -4.392350e-01   8.799608e-01  -4.042096e-02
 1.000  -1.379635e+00   6.012978e-01   3.383582e-01   1.107713e+00
 1.000   9.312509e-01   5.186428e+00   7.987566e-01   2.549620e-01
 1.000  -2.253598e+00   2.232234e+00   1.560063e+00  -1.912507e-01
 1.000  -1.282916e+00   5.619002e-02  -3.137205e-01  -5.049841e-01
 1.000   1.643775e+00   5.256557e-01   3.021265e-01  -6.120408e-01
 1.000   2.783838e+00   8.507271e-01  -2.332165e-01  -1.134517e+00
 1.000  -4.371939e-01  -1.419396e-01   6.524755e-01   7.300970e-01
 1.000  -6.504278e+00  -1.831501e+00  -5.758055e-01   1.034523e+00
 1.000   9.590482e-01   1.807151e+00  -1.328834e-01   2.584838e-01
 1.000   1.178499e+00   1.170107e+00  -4.985921e-01   7.818729e-01
 1.000  -7.711094e-01   4.473140e+00   1.300140e+00   9.952437e-02
 1.000  -4.840272e+00   5.967111e-01   1.829592e+00   3.262125e-01
 1.000  -2.729475e+00   6.499911e-01   1.736899e+00  -1.629499e-01
 1.000   1.764885e+00  -1.344722e+00  -8.514588e-01   7.601361e-01
 1.000  -2.626417e+00  -2.440333e+00   1.285147e-01   9.708331e-01
 1.000  -8.570346e-01  -3.623074e+00  -2.103483e-01   3.127915e-01
 1.000   3.278874e+00  -5.382915e-01   3.473757e-02  -3.508609e-01
 1.000   3.052004e+00  -1.136408e+00  -6.000347e-01  -1.101636e+00
 1.000   1.475482e+00   2.744513e-01  -2.882229e-01   7.082039e-01
 1.000   2.495088e-01  -1.106629e+00  -2.371892e-01   1.151392e-01
 1.000   3.456577e+00  -4.105727e-01  -1.896659e-01  -4.045492e-01
 1.000   7.582410e-01   1.014091e+00  -1.881941e+00   6.668031e-01
 1.000  -3.264563e-01  -1.483454e+00   4.063188e-01  -5.337343e-01
 1.000  -3.794111e+00   8.016657e-02  -5.448109e-01  -1.377173e+00
 1.000  -2.199217e+00  -4.759751e-01   7.185457e-01   5.635560e-01
 1.000   1.599086e+00   2.169115e+00  -5.773471e-01   2.909456e-01
 1.000   3.291578e-01  -9.520898e-02   1.800836e+00   8.305728e-01
 1.000   1.492533e+00   1.156963e+00   1.215600e+00  -1.358683e+00
 1.000   2.852873e+00  -1.711373e+00  -3.992511e-01   1.102269e+00
 1.000   1.671780e+00  -9.843922e-01  -2.311899e-01  -1.052141e-01
 1.000   2.412701e+00  -1.201603e+00   2.454208e+00  -1.313401e-03
 1.000  -2.281111e+00   1.636962e+00   1.461691e-01   1.201442e+00
 1.000   2.299297e+00   1.955720e+00  -2.396581e-01   1.849860e-01
 1.000  -1.115492e+00   1.326648e+00  -3.148563e-01  -1.448298e+00
 1.000   3.101422e+00   1.174195e+00   6.925402e-01  -9.174992e-01
 1.000   4.150928e-01   8.427536e-01  -1.430011e+00  -9.967519e-02
 1.000   1.452402e+00   2.742616e+00   5.419838e-01   1.012970e+00
 1.000   2.290895e+00  -1.032527e+00   2.090225e+00   4.787137e-01
 1.000  -3.805472e+00   1.815388e+00  -1.124856e+00   1.628131e+00
 1.000  -2.811462e+00  -6.426670e-01   7.624175e-01  -6.088883e-01
 1.000  -2.812280e+00   2.574391e+00  -2.489711e+00   2.205685e-01
 1.000  -2.242850e+00  -1.229920e+00  -1.118833e+00   1.472858e-01
 1.000   1.527283e+00   1.415657e+00  -1.059800e-01  -6.363163e-01
 1.000  -2.940871e+00  -3.056594e+00  -2.606685e-01  -1.493613e-01
 1.000   1.650415e+00   2.868018e+00  -6.967546e-01  -5.487853e-02
 1.000   1.460713e+00   1.205532e+00  -4.213925e-01  -9.927513e-01
 1.000  -1.830069e+00   3.931459e+00  -5.731568e-01   7.404792e-01
 1.000  -2.343643e+00   2.519166e+00   4.728832e-01   7.126613e-01
 1.000  -1.012324e+00  -1.321047e+00   1.189004e+00  -1.006537e+00
 1.000  -7.618720e-02  -1.378062e+00  -8.534653e-01  -1.327527e+00
 1.000   6.225880e-02   2.257446e+00  -2.698141e-01  -1.446129e+00
 1.000   1.520551e+00   7.992772e-01  -9.904603e-01  -8.925362e-02
 1.000  -2.228108e-01   8.189182e-01   2.076981e-01   1.723252e+00
 1.000   3.795884e+00  -3.499336e+00  -4.376606e-01  -6.708509e-01
 1.000   1.346432e+00  -1.130491e-01  -5.804721e-01   9.662691e-01
 1.000   2.318544e+00  -5.237566e+00   9.980853e-01  -1.372142e+00
 1.000   2.988458e-01   9.548182e-02  -8.735776e-01  -1.310003e+00
 1.000  -3.070192e+00   3.208380e-01   7.164616e-02  -1.438448e-01
 1.000  -5.755996e-01   3.799675e-01  -1.606228e+00  -6.108847e-01
 1.000   1.055315e+00  -2.001406e+00   1.221920e+00  -5.578681e-01
 1.000  -7.667220e-01   7.356627e-01   1.683521e-01  -5.708083e-01
 1.000   5.338966e+00   2.265566e+00   7.589654e-01  -6.776332e-01
 1.000  -1.591884e+00   3.320752e+00   7.723055e-01  -6.703479e-01
 1.000   8.338907e-03  -5.992057e-01   1.912072e-01   1.427531e+00
 1.000  -3.699067e-02   7.959690e-01   2.824856e-01  -4.369036e-01
 1.000   1.221988e+00  -3.453243e+00  -5.952860e-03  -1.847485e+00
 1.000   5.913124e-01   2.280700e+00   1.642254e-01   8.589432e-01
 1.000  -5.961467e-01   2.262703e+00   1.647427e+00  -2.311723e+00
 1.000   2.678557e-01  -1.860102e+00   3.038374e-01  -5.424432e-01
 1.000   2.838736e+00  -1.203547e+00  -3.436632e-01   3.671967e-02
 1.000  -5.438359e-01   1.175242e+00   4.395306e-01  -5.199085e-02
 1.000   9.051310e-01   9.695659e-01   1.948174e-01  -4.109553e-01
 1.000   3.243198e+00   2.096658e-01   1.224283e+00  -1.633502e-01
 1.000  -2.280807e+00  -3.998606e-01  -3.450323e-01   8.683243e-01
 1.000  -6.440206e-01  -1.555327e+00  -9.583744e-01  -1.361923e+00
 1.000  -1.058751e+00  -1.375867e-01   7.021948e-01  -5.562298e-01
 1.000   3.303509e+00  -3.134802e+00   4.360516e-02  -3.562131e-01
 1.000  -1.948314e+00   2.208298e+00   6.501311e-01  -1.115426e-01
 1.000   4.449062e+00   3.280992e+00   4.312938e-01   1.908737e+00
 1.000   3.042261e+00   2.974733e+00   5.947980e-01   6.537580e-02
 1.000   2.507933e+00  -2.952385e-02   9.889857e-01  -1.340381e-01
 1.000   2.560178e-01  -1.968187e+00  -2.010897e-01  -5.895277e-02
 1.000  -1.306509e+00   1.161091e-01  -2.059844e+00  -1.422653e+00
 1.000  -5.139203e-01  -6.119377e-01   1.329285e+00  -9.453544e-01
 1.000  -2.680832e+00   2.742147e+00  -6.524750e-01  -6.970954e-01
 1.000  -1.502760e+00   3.353292e+00  -9.803109e-01  -1.794926e+00
 1.000  -1.194768e+00   3.321752e+00  -9.366218e-01   4.241960e-01
 1.000   1.363336e+00  -5.687573e+00  -1.500754e-01   1.568582e+00
 1.000  -1.193503e+00  -1.922310e+00  -2.352728e+00   1.521109e+00
 1.000   2.459066e+00   4.531177e-01   1.269409e-01  -2.229667e+00
 1.000  -1.325494e-03   2.423627e-01  -7.630016e-01   5.093569e-01
 1.000  -1.371827e+00   5.536790e-01   1.198239e-01   7.594896e-02
 1.000  -2.481023e+00  -1.548662e+00   5.760488e-01  -9.196720e-01
 1.000   2.567420e+00  -1.062123e+00   6.058250e-01  -5.500667e-01
 1.000  -3.733428e+00   1.313789e+00  -1.086169e+00  -3.680780e-01
 1.000   4.547984e-01  -3.201584e+00   1.093157e+00   8.722181e-01
 1.000  -5.700104e-01   1.930797e-02   9.457123e-01   2.133907e-01
 1.000  -4.211895e+00   6.610105e-01  -7.864364e-01  -2.755454e+00
 1.000  -4.140486e+00   2.553186e-01  -2.877608e-01   6.472654e-01
 1.000   4.321563e-01   1.989838e+00  -2.104723e+00  -4.889278e-01
 1.000   9.566847e-01   2.629362e+00   8.427770e-01   1.123496e-01
 1.000   8.051157e-01   9.971436e-01   5.827449e-01   1.696011e+00
 1.000   9.143992e-01   1.031402e+00   9.848531e-01   5.523456e-01
 1.000   2.499638e+00   1.166518e+00  -1.209554e+00   2.092128e+00
 1.000   2.129123e-01   1.533840e-02   3.419131e-01  -6.715894e-01
 1.000  -2.909232e+00   6.589721e-01   1.107316e+00   1.395299e+00
 1.000   2.866526e+00  -4.046009e+00  -6.352161e-01   4.060758e-01
 1.000   2.207072e+00  -2.515812e-01  -3.164614e-01  -1.280032e+00
 1.000  -8.104362e-01   1.151713e+00  -9.111453e-01  -1.663066e+00
 1.000   7.414812e+00   3.402539e+00  -6.017616e-01   3.665376e-01
 1.000  -6.584443e-02  -7.485515e-03  -1.419399e+00   1.154328e+00
 1.000  -6.227276e+00   4.720160e-03   8.768662e-01  -1.119458e+00
 1.000   2.964817e+00  -3.768318e+00  -1.694825e+00  -7.977858e-01
 1.000   1.441690e+00   1.600850e+00  -1.805627e+00  -1.628405e+00
 1.000   2.285619e+00  -4.264717e+00   5.716397e-01   2.117565e+00
 1.000   3.529428e+00   1.654989e-01  -7.603771e-01  -3.490178e-01
 1.000   3.010389e-01  -1.025150e+00   8.972913e-01  -8.818222e-01
 1.000  -4.347935e-01   2.569050e+00   2.147410e-01   7.275798e-01
 1.000  -5.671823e-01  -3.777641e+00  -6.944934e-01   4.594163e-01
 1.000  -1.028944e+00  -4.023000e+00   3.740475e-01   1.631236e+00
 1.000   5.091341e-01   1.269059e+00  -5.881699e-01  -6.001915e-01
 1.000  -3.231419e+00  -1.854449e+00   5.940653e-01  -1.945988e+00
 1.000   2.379401e-01   9.372735e-01  -1.847234e+00  -1.799651e-01
 1.000   8.977206e-01  -3.352188e+00   8.554305e-01  -4.077952e-01
 1.000  -3.664773e+00  -1.980935e-01   1.169604e+00   1.791896e+00
 1.000   1.038824e+00  -3.345770e+00   6.539475e-01  -1.216361e+00
 1.000  -1.709838e+00  -2.206473e+00   1.087447e+00   1.778125e-01
 1.000  -1.137862e-01  -8.649412e-01  -1.281317e-01  -7.725543e-01
 1.000   8.980886e-01   1.108019e+00   1.907153e-01  -1.962479e+00
 1.000   2.508382e+00   6.750184e-01   1.372151e+00  -5.305111e-01
 1.000   1.204274e-02   1.477267e+00   2.781903e-02   7.456168e-01
 1.000  -5.298729e-01   5.704364e-02   5.030923e-01   9.200836e-01
 1.000   1.359671e+00  -2.562414e+00   4.422926e-01  -1.783525e-01
 1.000   2.890436e+00   2.612649e+00   2.096555e+00   1.834135e-02
 1.000  -2.771140e+00   1.185005e+00   1.472493e+00   4.955301e-01
 1.000  -7.708203e-01  -1.060644e+00  -1.337796e-01   5.660203e-01
 1.000  -8.126315e-01  -3.481976e+00  -7.140603e-01   8.455057e-01
 1.000   1.630955e+00   2.629810e+00   5.139882e-01   2.696436e-01
 1.000  -2.173931e-01  -1.728587e+00  -9.313393e-01   1.262931e+00
 1.000  -2.149278e+00  -1.179196e-01   9.719018e-02   6.006677e-01
 1.000   6.915866e-01  -2.447153e+00   9.265745e-02  -2.498789e-01
 1.000   3.028830e-01  -2.842569e+00  -1.364208e-02  -2.136156e+00
 1.000  -7.457586e-01  -2.622015e+00   1.935854e-01   8.703174e-02
 1.000  -4.844416e+00  -1.872704e+00  -9.942290e-02   1.458788e+00
 1.000   2.736443e+00   9.783959e-01  -8.492804e-01   6.038330e-01
 1.000   2.667059e+00   1.085072e+00  -2.136075e-01   5.759780e-01
 1.000   1.302990e+00  -1.940661e+00   9.877460e-01   2.537056e-01
 1.000   2.617991e+00  -1.922831e+00  -3.063394e-01  -1.462093e-02
 1.000   2.520100e+00   3.980809e+00   2.910313e-01   9.501081e-01
 1.000   1.819541e+00  -1.880646e+00   1.123282e+00  -5.871128e-01
 1.000   1.971192e+00  -1.288986e+00   6.941516e-01  -5.019043e-01
 1.000   3.086541e+00   1.306829e+00  -8.136087e-01   1.157395e-01
 1.000  -1.221410e-01  -2.727240e-01  -2.106872e+00  -4.376708e-01
 1.000  -7.195378e-01   4.620371e-02  -8.688224e-02  -1.264313e+00
 1.000  -5.592736e-01  -2.927323e+00   1.624816e+00   6.388431e-01
 1.000  -5.099895e+00   2.931601e+00   1.115485e-01  -8.670945e-01
 1.000   2.095677e+00   5.994840e-01   3.920968e-01  -5.597905e-01
 1.000   8.127246e-01  -5.967786e+00   2.146020e-01  -6.977070e-01
 1.000  -2.330281e+00   9.207882e-01  -9.447142e-01   1.823968e-01
 1.000  -1.855152e+00  -8.555215e-01  -1.947580e-02  -1.852872e-01
 1.000   3.084051e+00   8.447429e-01   1.453760e-01  -1.092439e+00
 1.000  -4.934396e-01   3.526281e-01  -5.929765e-01  -3.509020e-01
 1.000  -1.129671e+00  -1.021661e+00   2.349556e-02   4.352855e-01
 1.000  -1.156040e+00  -2.040126e+00  -7.487546e-01   9.047134e-01
 1.000  -1.034980e+00   1.944597e+00   6.124114e-01  -2.271772e-02
 1.000  -4.084841e-01   1.774683e+00  -1.615771e-01   1.174757e+00
 1.000   3.697806e+00   1.594580e+00   4.204450e-01  -2.439155e-01
 1.000  -5.001912e+00  -1.280468e+00   9.087487e-01   7.000807e-01
 1.000   1.053510e+00   2.481559e+00   1.231537e-01   6.550300e-01
 1.000  -2.452011e+00   5.205253e+00   3.567599e-01  -2.145167e-01
 1.000  -1.841937e+00   2.188087e+00  -7.437526e-01   1.842997e+00
 1.000  -9.702604e-02   3.213625e-01   7.057814e-01   5.326985e-03
 1.000  -8.703979e-01  -1.716068e+00   7.653960e-01  -5.461109e-02
 1.000  -1.514157e+00   1.108739e+00  -1.547449e-02  -2.048030e+00
 1.000  -1.616464e+00   3.355764e-01   4.565581e-01   1.739527e+00
 1.000  -1.522923e+00   2.415971e+00   4.211116e-01  -2.174477e+00
 1.000  -8.959263e-01   4.316994e+00   8.434850e-02   1.065241e-01
 1.000   8.265751e-01  -4.264923e+00   1.477171e-01   3.749130e-01
 1.000  -1.796828e-01   2.022831e-01   9.571070e-03  -6.331851e-01
 1.000   9.180048e-01  -2.307458e-01  -4.953781e-01   1.372943e-01
 1.000   2.637525e+00   3.814186e-01  -4.960575e-01  -1.224340e+00
 1.000   1.648620e+00  -5.318276e-01  -6.487817e-01  -4.973643e-01
 1.000  -8.771104e-01  -6.659895e-01   1.701700e+00  -2.097964e+00
 1.000  -9.751380e-01  -6.287278e-01  -4.505987e-01  -1.058819e+00
 1.000   3.821180e-01  -1.643922e+00  -4.555723e-01  -1.143192e+00
 1.000   1.692347e+00   3.243622e+00   1.682590e+00   3.305224e-01
 1.000   2.920386e+00  -2.498176e-01  -6.516793e-01   3.192936e-01
 1.000  -3.694150e+00   1.206988e+00   9.713141e-01   1.365646e-01
 1.000   1.104470e+00   1.663003e+00  -2.158086e-01  -2.952381e-01
 1.000  -1.157062e+00  -4.459411e-01  -4.733634e-02  -6.433555e-01
 1.000   1.184720e+00  -2.675692e+00  -1.339830e+00  -8.411637e-01
 1.000  -2.160443e+00  -1.306006e+00  -2.038704e-01   2.229483e-01
 1.000  -7.260518e-01  -8.928155e-02  -2.827802e-01   7.170733e-01
 1.000   1.331637e+00  -1.058219e+00   8.522449e-01   2.953766e-01
 1.000  -1.457617e+00  -1.175383e-01  -5.148506e-01   1.441417e-01
 1.000  -3.174489e-01  -1.015959e+00  -3.636458e-01   1.740531e+00
 1.000   9.235548e-01  -2.283521e+00  -2.137529e-01  -8.058852e-01
 1.000   6.531658e-01   1.328493e+00   2.800446e+00   1.706058e-01
 1.000   1.117224e-01   1.262962e+00  -1.458242e-01  -4.055825e-01
 1.000   9.897712e-01   4.350044e+00   7.404219e-03   1.418464e+00
 1.000   1.294055e+00  -3.215493e+00   5.499740e-01   7.432369e-01
 1.000  -8.455053e-01  -1.510450e+00  -1.152941e+00   7.352924e-01
 1.000   1.589480e+00  -1.218532e+00   3.549708e-01  -1.816583e+00
 1.000  -3.226607e+00   9.053238e-01  -5.365341e-01  -6.291684e-01
 1.000  -2.711947e+00  -1.450505e+00  -1.988736e+00  -1.275845e+00
 1.000  -4.352684e-01   1.368028e+00  -1.110498e-01   1.196451e+00
 1.000  -1.991904e-01  -1.178196e+00   1.358709e+00  -2.664430e+00
 1.000   1.820937e+00  -3.234199e-01  -8.911907e-01   1.270663e+00
 1.000   1.004352e-02  -2.361352e+00  -1.220355e-01   6.546399e-01
 1.000  -3.276774e+00  -6.462169e-01  -1.576968e+00   5.198629e-01
 1.000   3.266723e+00   3.011192e+00   1.196075e-01   2.370157e-01
 1.000  -1.097897e+00  -3.185029e+00   1.388840e-01  -1.738307e-01
 1.000   8.295803e-01  -1.721883e-01   3.489450e-01   1.799624e+00
 1.000  -2.460839e+00  -2.264347e-01   3.556855e-01  -3.884643e-01
 1.000  -3.114131e-02   1.954845e+00  -5.055399e-01  -3.837353e-01
 1.000   8.952298e-01   2.666953e+00  -8.172457e-01  -3.844249e-01
 1.000  -6.004451e-01   1.862583e+00   2.992063e-01  -2.601143e-01
 1.000  -2.296171e+00  -1.315503e+00  -1.319662e+00   9.866079e-01
 1.000   1.805480e+00   2.767854e+00  -3.141703e-01   5.800819e-01
 1.000  -6.820456e-01  -2.458744e+00  -1.236150e+00  -1.368182e-02
 1.000   2.641248e+00  -9.695413e-01  -8.171577e-01  -1.552698e+00
 1.000  -5.579427e-01   2.803672e-01   6.778351e-01  -9.185018e-01
 1.000   4.009604e+00   2.617808e-01   1.659199e+00  -3.846374e-01
 1.000   2.059932e+00   6.379331e-01   1.237980e-01   2.130722e-01
 1.000  -1.528738e+00   1.865351e+00   7.486360e-01  -1.031470e+00
 1.000   1.064961e+00   6.525922e-01   4.447338e-02  -9.104466e-01
 1.000  -1.902500e-01   4.376221e+00  -5.865118e-01   1.216466e+00
 1.000   1.058077e+00   1.664358e+00  -9.693005e-01  -1.717821e-01
 1.000   3.187252e-01   1.782382e-01   5.599448e-01  -3.934501e-01
 1.000  -1.745348e+00   1.405965e+00  -1.902444e+00  -5.397926e-01
 1.000   1.889245e+00  -3.213697e-01  -1.312441e-01  -1.391659e-01
 1.000   1.715518e+00  -4.783356e+00  -1.190262e+00   1.503290e+00
 1.000   2.312682e+00  -5.419082e-01   2.998925e-01  -4.643636e-01
 1.000  -1.313225e+00  -1.353731e+00  -1.204421e-01  -1.157247e+00
 1.000  -2.244710e+00  -6.354159e-01   1.082231e+00   4.942088e-01
 1.000   6.950703e-01  -1.504757e+00   3.574808e-01   1.195555e+00
 1.000   3.474173e-01  -3.346403e-03  -8.213954e-01   3.012814e-01
 1.000  -2.407513e+00  -3.363966e-01  -2.640941e-01   1.404883e+00
 1.000   1.097868e+00   1.172043e+00   6.136961e-01   9.211662e-01
 1.000  -3.308488e+00   9.373011e-01   1.347119e+00   6.429759e-01
 1.000  -1.268743e+00  -1.314307e+00   9.097667e-03   7.439804e-01
 1.000  -1.690872e+00   1.652584e+00   1.100550e+00  -3.369515e-01
 1.000  -2.290536e+00  -2.248256e+00   3.179283e-01   5.963271e-01
 1.000   3.177843e+00  -1.818830e+00   1.165329e+00   1.489017e+00
 1.000  -1.073276e-01   1.103449e+00  -9.393392e-01   4.038284e-01
 1.000  -5.483064e-01   1.561552e+00   2.884498e-01  -1.673590e+00
 1.000  -2.675033e-01   1.617012e+00  -4.082884e-01  -1.010877e+00
 1.000   5.727512e-01   8.881440e-01  -2.363848e+00   7.358834e-01
 1.000  -3.878480e-01  -8.879804e-01   1.037358e+00   1.708167e-02
 1.000   4.421414e-01   8.635601e-02  -4.742252e-01  -4.233240e-03
 1.000   9.165203e-01   1.344671e+00  -1.208927e+00  -1.573781e+00
 1.000  -8.127103e-01  -1.124346e+00   1.940384e+00  -2.009783e+00
 1.000  -1.719812e-02   1.059401e+00   7.495424e-01   8.714444e-01
 1.000  -1.774729e-01   7.858142e-01  -6.257742e-01  -1.256310e+00
 1.000   1.832874e+00   2.491929e+00  -3.293268e+00  -2.372868e-01
 1.000   1.473626e+00   3.038158e+00   4.808802e-01   1.029662e+00
 1.000   2.126700e+00  -3.462443e+00  -9.313605e-01   3.319648e-02
 1.000  -9.953504e-01   4.790796e-01   6.205535e-01   8.944446e-01
 1.000   3.083358e+00  -7.396935e-01  -1.203531e+00  -1.686344e+00
 1.000  -2.902230e+00  -4.267375e-01  -1.548854e+00  -9.070945e-01
 1.000   4.102394e-01  -7.456816e-01  -1.233074e+00   4.269437e-01
 1.000   1.323687e+00  -6.161053e-01   2.396835e-01   3.621251e-01
 1.000   3.038856e-01  -1.991840e+00   7.114225e-01  -5.076866e-01
 1.000  -8.435872e-01   2.665209e+00   1.442605e+00  -1.028873e+00
 1.000   5.857484e-01  -2.336680e+00   2.468826e+00   1.523561e+00
 1.000  -3.949147e+00   1.650917e+00   5.407910e-01   7.632809e-01
 1.000  -1.587608e+00   3.440910e-01   5.146567e-02  -9.334680e-01
 1.000  -1.774593e+00   1.588823e+00  -1.488233e+00   2.266829e+00
 1.000   6.076962e-01  -1.982760e+00   2.761995e+00   2.540874e+00
 1.000  -5.744267e-01  -1.674158e+00   1.464745e+00  -1.220125e+00
 1.000  -5.890098e-01  -3.879642e-01   1.158454e+00  -1.501075e+00
 1.000   1.585659e-01  -1.807291e-01   6.248372e-03   8.485722e-01
 1.000   4.303163e+00  -1.421946e+00  -1.158020e+00  -9.983861e-01
 1.000  -1.232747e+00  -3.985673e+00  -1.435426e+00  -1.329514e+00
 1.000  -7.560405e-01   1.306551e+00   1.426409e+00   4.407074e-02
 1.000  -1.151364e+00   1.401950e+00  -3.350829e-01   3.901272e-01
 1.000   2.800642e+00   1.738902e+00   7.523019e-01  -5.200662e-01
 1.000   1.497568e+00   1.600507e+00  -7.406685e-01  -7.347526e-01
 1.000   3.515176e+00   1.337858e+00  -1.521177e+00   1.457393e-01
 1.000   2.524733e+00   1.362083e+00  -3.871776e-01  -9.558996e-01
 1.000   8.096995e-01  -1.827333e+00   2.720386e-01  -6.053828e-02
 1.000  -2.131301e+00  -1.332926e+00   6.786392e-01  -1.721025e-01
 1.000   3.148781e+00  -1.341164e+00  -6.969678e-01  -2.631468e+00
 1.000  -8.110867e-01   5.301772e-01   1.121387e+00   1.156570e+00
 1.000  -1.846286e+00  -3.822214e+00  -1.311246e+00   1.763912e+00
 1.000   3.994787e-01   2.797194e+00   4.146665e-01  -2.319903e-01
 1.000  -7.745915e-01  -2.743197e+00  -1.771822e-01  -1.674910e+00
 1.000   3.706549e-01  -4.324342e+00   1.570559e+00  -9.910419e-01
 1.000   7.293361e-01  -1.822533e+00  -2.946450e-01  -2.356195e-01
 1.000  -1.398868e-01   3.116276e+00   5.598031e-01  -2.509648e-02
 1.000   1.382835e-02   9.364973e-02   1.802947e+00   5.596597e-01
 1.000   1.060762e+00   3.130775e+00  -1.100271e+00  -2.411118e-01
 1.000  -1.465037e+00   1.158543e+00   2.957980e+00  -7.388995e-01
 1.000  -3.087432e-01  -2.495198e+00  -3.546946e-01  -1.438148e+00
 1.000  -9.617010e-01  -2.583788e+00  -7.190457e-01  -8.592735e-01
 1.000  -2.018004e+00  -9.999710e-01   1.015077e-01   3.402033e-01
 1.000   2.540112e+00  -1.232336e+00   8.662428e-01   2.190418e-01
 1.000   1.432864e+00   1.850613e+00   2.423978e-01  -4.021890e-01
 1.000   5.547966e-01  -3.619201e-01  -1.149369e+00   7.913769e-01
 1.000  -1.220772e+00   1.376335e+00   6.396174e-01   1.965480e+00
 1.000   1.766365e+00  -3.703282e-01   1.437554e+00   1.072506e+00
 1.000  -3.085285e+00   5.154016e-01  -1.486226e-01   1.093984e+00
 1.000   8.753340e-01  -4.429507e-01  -6.274457e-01  -7.907240e-01
 1.000  -9.663912e-01   4.681163e-01  -8.293877e-01   1.424189e+00
 1.000  -6.766591e-01  -1.654160e+00   2.418418e-01  -5.696834e-01
 1.000   1.904124e-02   2.913518e-01   1.714583e+00  -5.238948e-01
 1.000  -1.099016e-01   1.813316e+00  -1.634891e+00  -7.294957e-01
 1.000  -1.593849e+00  -2.182475e+00   1.769489e-01   8.456761e-01
 1.000  -1.084050e-01   5.115416e+00  -1.729126e+00   3.545655e-01
 1.000  -2.032570e+00   2.024356e+00  -1.452375e+00   6.587665e-01
 1.000   1.411063e+00  -3.550863e+00  -7.062722e-01  -1.157036e+00
 1.000   1.676943e+00   1.090373e-02  -1.038455e+00  -9.492997e-01
 1.000   2.013943e+00  -1.607541e+00  -1.009726e+00   5.745085e-01
 1.000   2.168968e+00   5.481474e-01  -3.523058e-01  -1.235182e+00
 1.000   1.825323e+00   4.037711e+00  -1.529553e-01  -9.054010e-01
 1.000   9.469060e-01   7.012496e-01  -1.268305e+00  -1.576568e+00
 1.000   4.072868e+00  -3.597441e+00  -7.360902e-02  -7.523192e-01
 1.000   2.197771e+00  -2.522876e+00   6.348429e-01  -7.481701e-02
 1.000   2.548087e+00  -3.148823e+00  -2.769323e+00  -7.911719e-01
 1.000  -5.151113e+00   8.817986e-01  -6.399155e-02   1.124785e+00
 1.000  -2.715538e+00  -4.382612e-01  -6.655540e-01  -2.029727e-01
 1.000  -1.615148e+00  -2.628736e+00   2.173154e+00  -1.090155e+00
 1.000  -4.624010e-01  -5.509653e-01  -5.386441e-01  -1.837886e+00
 1.000  -3.363219e+00   6.249101e-01   6.562608e-01  -6.633656e-01
 1.000   6.992140e-01   1.193097e+00   8.014488e-01  -1.087720e+00
 1.000  -4.625919e-02   2.164523e+00  -1.520784e+00   2.123648e+00
 1.000   2.084097e+00   2.535335e+00   9.869397e-01   1.303744e+00
 1.000   2.108656e+00   1.867343e+00  -9.499335e-01  -5.011822e-01
 1.000  -4.088390e-01   4.029883e+00  -2.314193e-01  -9.915122e-01
 1.000   3.482698e-01  -1.499652e+00   5.756910e-01  -1.177770e-01
 1.000  -3.321761e+00  -7.194563e-01   2.985141e-01   1.622821e-01
 1.000   1.863128e+00   5.832795e-01   3.439398e-01   2.725767e-01
 1.000  -2.958075e+00  -7.594185e-01  -6.251634e-01   8.979473e-01
 1.000   2.358156e+00   2.014507e+00  -7.777926e-01   1.054889e+00
 1.000  -7.741345e-01  -6.433566e-01   1.902606e+00   2.732932e-01
 1.000   3.041622e+00   1.899561e+00   1.593555e+00  -2.698061e-01
 1.000  -1.948863e+00  -7.371155e+00  -1.223556e-01  -1.800151e+00
 1.000  -2.172973e+00   1.198768e+00   1.160474e+00  -6.003012e-01
 1.000  -1.678707e+00   7.534839e-01  -4.263332e-01  -1.051303e+00
 1.000  -4.948791e-01  -5.029291e-01   9.052810e-01   6.232305e-01
 1.000  -1.027704e+00  -2.791223e-01  -3.319404e-01   5.411535e-01
 1.000   1.648797e-02  -1.169085e+00   8.392767e-01  -1.057376e-01
 1.000  -2.605863e+00  -3.195539e+00   1.417457e+00  -5.921250e-01
 1.000   1.365509e+00  -2.814095e+00  -8.847557e-01  -4.151510e-01
 1.000  -2.635760e+00   2.260298e+00  -1.185194e+00   1.278220e+00
 1.000   1.145220e+00  -4.591391e+00   5.942656e-01   4.409199e-01
 1.000  -3.212049e+00  -2.678509e+00   5.715464e-01   2.216072e+00
 1.000  -9.093280e-01   2.707401e+00  -5.587580e-01   1.023311e+00
 1.000   1.590998e+00   1.117417e+00  -9.736288e-02   7.409567e-01
 1.000   9.854044e-01   6.637168e-01   1.986749e+00   1.504100e+00
 1.000   2.322212e+00  -1.533644e+00  -3.830878e-01   6.874606e-01
 1.000   2.468733e+00   2.017430e+00  -1.120296e+00   1.397499e-01
 1.000   2.422548e-01  -3.526330e+00  -7.337131e-01   8.636834e-02
 1.000   1.581591e+00   3.244734e+00   1.291522e-01   5.155791e-01
 1.000   1.029560e+00   2.140421e+00  -8.484395e-01   1.090173e+00
 1.000   6.003484e+00   1.545652e+00   1.742548e-01  -5.145709e-01
 1.000  -1.295510e+00   1.924308e+00  -3.988352e-01  -1.081804e+00
 1.000  -2.297103e+00  -5.970806e-01   9.576275e-01  -1.814931e+00
 1.000  -2.325375e+00  -5.506484e-01   1.581916e+00   1.735734e+00
 1.000  -8.206625e-01   1.404312e+00   5.006506e-01   1.730658e-02
 1.000  -5.811172e-01  -3.846726e+00  -9.784238e-01   5.356610e-01
 1.000  -3.149928e+00   4.276153e+00  -1.507575e-01  -1.267430e+00
 1.000   1.982021e+00   1.488415e+00  -1.711408e+00  -3.492632e-01
 1.000   1.608787e+00  -4.262472e+00  -7.970298e-01  -8.340737e-01
 1.000  -2.780672e-01  -3.157768e-01   1.784635e-01  -5.120154e-01
 1.000  -1.322327e+00   1.810337e+00   1.441581e+00   9.787684e-01
 1.000   2.622376e-01   2.971206e+00   4.044344e-01   7.603268e-01
 1.000   1.365306e-01  -1.455264e+00  -1.223456e-01   8.442527e-01
 1.000   1.184462e-01  -2.577597e+00   1.369330e+00   1.374528e+00
 1.000   7.540084e+00  -2.783553e+00   1.713312e-01   2.729735e-01
 1.000  -1.681554e+00  -1.593766e+00  -4.225940e-01  -7.123903e-01
 1.000   3.942410e+00  -4.024334e-01   1.201884e+00  -3.584627e-01
 1.000   4.475229e-01  -1.487248e+00   1.109115e+00  -7.057461e-01
 1.000   1.693451e+00  -1.838807e+00   1.035681e+00  -1.153099e-01
 1.000  -1.124714e+00   1.753041e+00  -1.188864e+00   4.268573e-01
 1.000   4.076502e-01   3.377123e+00  -1.137721e+00   2.247468e+00
 1.000   7.699960e-01   1.622573e+00   1.441978e-01  -3.357148e-01
 1.000   1.442217e+00   6.697663e-02  -6.966786e-01  -1.030429e+00
 1.000   7.547187e-01  -2.470120e+00   8.550345e-01  -9.827065e-01
 1.000   1.600644e+00   1.276059e+00  -1.127699e+00  -4.259300e-01
 1.000   4.053690e+00   4.292311e-01   7.328077e-03  -1.078558e+00
 1.000  -1.571506e+00  -1.234996e+00  -6.995970e-01  -1.235063e+00
 1.000   1.623312e+00  -6.267432e-01  -3.214482e-01   8.702866e-01
 1.000   1.438711e-01  -3.009272e+00   5.427634e-01   1.454698e+00
 1.000  -1.473381e+00  -1.312799e+00   1.149798e-01   8.421024e-01
 1.000  -2.316726e+00  -6.190607e-01   4.673011e-01  -4.664625e-01
 1.000  -2.621643e-01   1.064032e+00   9.280799e-01   4.262702e-01
 1.000  -2.551990e+00  -1.758809e+00  -1.388275e+00   6.312192e-01
 1.000  -1.947201e-01   4.064675e-02  -9.186556e-01   4.519638e-01
 1.000  -1.581483e+00   8.962889e-02  -5.435116e-01  -2.209304e-02
 1.000   3.032750e-02   4.291209e-01  -1.339879e-01   1.541644e+00
 1.000  -2.540213e-01   1.180001e-01  -1.881143e+00  -3.615771e-01
 1.000   1.204050e+00   2.426518e+00   2.246143e+00  -4.073084e-02
 1.000   9.423385e-01   2.340174e+00   2.486629e+00  -8.600062e-01
 1.000   2.074088e-02   3.620326e+00  -1.017930e+00  -7.752350e-01
 1.000  -2.467853e+00  -9.913475e-02  -2.974865e-01  -7.491168e-01
 1.000   1.580912e+00  -2.738363e+00   1.424219e+00   1.233759e-01
 1.000  -4.777286e+00   1.649287e+00  -2.050025e+00   1.292133e+00
 1.000   2.263894e+00   3.540968e+00  -3.834557e-01   4.774881e-02
 1.000   4.875088e+00   2.346650e+00  -2.120980e+00  -2.172141e-01
 1.000  -7.352152e-01  -1.304147e-01   5.066796e-01  -9.998691e-01
 1.000   2.010877e+00  -1.709297e+00   1.471288e+00   8.096042e-01
 1.000  -9.132932e-01  -1.264152e+00  -1.308316e+00  -2.217005e-01
 1.000   4.505873e-02  -1.823325e+00   6.981430e-01  -2.463030e-01
 1.000  -7.587804e-01   2.466845e+00   8.985474e-01   1.285339e+00
 1.000   2.666258e+00   1.207765e+00   1.128479e+00   3.475242e-01
 1.000   2.191856e+00   2.099813e+00   2.434079e-01  -2.943162e+00
 1.000   3.577932e+00   1.322700e+00   4.098781e-01  -1.739386e-01
 1.000  -2.600212e+00   2.057604e+00   4.245454e-01   5.356440e-01
 1.000  -1.055928e+00  -1.568356e-02  -7.789454e-01  -3.490575e-01
 1.000  -1.267859e+00  -2.048598e+00   9.671632e-01   1.517027e+00
 1.000   1.551768e+00  -1.275075e+00  -2.093493e+00   7.450105e-01
 1.000   3.675511e+00   4.134622e+00   1.054130e+00  -6.073719e-01
 1.000  -8.290123e-01   7.247362e-01  -3.332988e-01   1.308867e+00
 1.000   7.326495e-01  -3.955052e+00   5.586875e-01  -2.323290e+00
 1.000   1.023425e+00   2.492248e+00   1.841641e+00  -3.830179e-01
 1.000   2.154037e+00  -4.829538e-02  -1.369305e-01  -2.261644e-01
 1.000  -1.074618e+00  -1.486523e+00  -8.733814e-01   1.637602e+00
 1.000  -7.136642e-01   1.021138e-01  -8.129876e-01  -1.926574e+00
 1.000  -2.599282e+00  -6.424228e-01   1.514782e+00  -1.386230e+00
 1.000  -1.372908e+00  -3.566031e+00   1.720927e+00  -1.595390e-03
 1.000   7.018595e-02   2.498606e+00   9.662768e-02  -3.520460e-01
 1.000   5.236007e-01   4.560502e-01   2.179774e+00  -2.135284e+00
 1.000  -3.749089e-01   1.755115e-01  -1.652099e+00   4.971974e-01
 1.000  -1.538973e+00   1.803844e+00   2.815571e-01   1.906787e-01
 1.000   7.819408e-01   3.746135e+00  -1.974631e+00  -4.017181e-01
 1.000  -5.178697e+00  -2.628070e+00   4.527922e-01  -1.083728e+00
 1.000  -2.459808e+00  -1.921521e+00   1.912859e+00  -6.328887e-02
 1.000   1.463075e+00   1.398109e+00  -8.123985e-01  -4.964545e-01
 1.000   1.397424e-01  -1.043285e+00  -7.305915e-01  -2.713678e-01
 1.000  -8.819845e-01  -9.122709e-01  -1.279681e+00  -1.148385e+00
 1.000  -1.952386e+00   1.222278e+00   1.307078e+00  -2.736686e-01
 1.000   4.125658e+00   2.071697e+00  -9.519276e-01   1.047775e+00
 1.000   3.313451e+00   8.603924e-02  -1.977132e+00  -2.594141e-01
 1.000  -2.438499e+00  -6.073714e-01  -2.614620e-01  -1.839328e+00
 1.000  -6.115354e-01  -1.874281e+00   3.195295e-01  -2.287452e-01
 1.000   1.200866e+00  -4.852498e-01  -3.756898e-01  -2.111944e+00
 1.000  -1.372635e+00   1.104107e+00   9.956871e-01  -1.423902e+00
 1.000  -2.058835e+00   6.515360e-01  -5.962607e-01   1.442172e+00
 1.000   1.347092e+00   1.858290e+00   6.367368e-01   1.117287e-01
 1.000   2.563654e+00   3.600019e+00  -1.324143e+00   2.863223e-01
 1.000  -2.175053e-01   4.280282e-01   1.896767e+00  -5.720467e-01
 1.000  -6.959251e-01   3.957991e-01  -7.476573e-02  -5.686036e-01
 1.000   8.855691e-01   2.903399e+00  -1.825341e+00   5.229134e-01
 1.000   2.924882e+00  -9.638176e-01   4.342795e-01   2.096142e-01
 1.000  -1.647663e+00   2.054773e+00   6.320210e-01   1.084610e+00
 1.000  -2.560151e+00  -6.359272e-01   3.715023e-01   1.318162e+00
 1.000   4.141812e+00   1.091379e+00  -1.460512e+00   3.376539e-01
 1.000  -1.227153e+00   1.594005e-01   2.336775e+00  -9.309712e-02
 1.000  -3.753144e-01   1.666675e+00  -4.372318e-01   4.612564e-01
 1.000  -2.194823e+00  -2.440604e+00   6.204341e-01  -2.841350e-02
 1.000   1.104908e+00  -2.648568e+00  -9.666378e-01   4.699224e-01
 1.000  -1.335700e+00   4.376846e+00  -1.859116e+00   2.573167e-01
 1.000  -5.950222e-01  -1.404651e+00   5.636486e-01  -1.074171e+00
 1.000  -2.203812e+00  -1.131625e+00   1.669645e+00   4.877127e-01
 1.000  -1.444530e+00  -1.258090e+00   1.229763e+00   5.322881e-01
 1.000   1.649813e+00  -7.008338e-01   5.968927e-01  -1.961447e-01
 1.000  -2.652754e+00  -1.732474e+00   2.329450e+00   1.326156e+00
 1.000   6.038030e-01   1.938246e+00   2.161667e-01   4.642332e-01
 1.000  -1.747140e+00   1.287430e+00   9.494951e-02  -2.541209e+00
 1.000   1.548310e+00   2.587747e+00  -6.657335e-01   3.637488e-01
 1.000  -5.027884e-01  -6.817728e-01  -6.858178e-02   1.550027e+00
 1.000   8.240845e-01  -2.742137e+00  -1.231226e-01  -1.412176e+00
 1.000   6.382759e-01   1.685421e+00  -3.955542e-01   1.141962e+00
 1.000  -1.472279e+00   2.721288e+00   5.139072e-01  -1.778073e-01
 1.000  -2.722213e+00   2.568230e+00  -1.483847e+00   6.100224e-01
 1.000  -8.319616e-01  -3.053245e+00   1.342844e+00   8.669269e-01
 1.000  -1.811475e+00  -1.821471e+00  -8.294270e-01   4.536091e-01
 1.000   1.741711e+00  -1.868074e+00   4.227070e-01   9.509057e-01
 1.000   7.409933e-01  -2.023269e+00   5.028504e-01   3.881055e-01
 1.000   1.341379e+00   4.309418e-01  -7.490238e-01  -1.764056e-01
 1.000   3.604582e+00   1.468595e-01   4.660486e-01   8.827603e-01
 1.000   2.800557e+00   2.062452e+00   1.039743e+00  -4.105345e-01
 1.000   3.216016e+00   8.467190e-01  -7.478936e-01   1.078263e-01
 1.000  -9.184452e-01  -1.144447e+00  -5.630897e-01  -1.299928e+00
 1.000  -1.593051e+00   1.865848e+00   1.034316e+00   1.184134e+00
 1.000  -1.812103e+00  -3.324370e+00  -2.019516e+00   1.088379e+00
 1.000  -1.030131e+00  -7.682116e-01  -3.335094e-02   1.400344e+00
 1.000  -1.993098e+00   2.962669e+00  -9.627050e-01   5.680322e-01
 1.000  -2.954710e+00  -2.536876e+00   8.065451e-01   5.414184e-01
 1.000  -4.401062e+00   1.699552e+00  -1.111775e+00  -6.897353e-01
 1.000   3.808545e+00  -2.597855e+00   4.267048e-01  -1.815613e+00
 1.000  -1.045223e+00   2.241429e+00   5.837062e-01  -4.762416e-01
 1.000   1.190790e+00  -8.117659e-01  -1.239934e+00  -2.056196e-01
 1.000  -7.469401e-01  -6.870888e+00   9.026981e-02  -1.838142e+00
 1.000   5.047223e+00   8.810382e-01   1.722196e+00  -5.543463e-02
 1.000   1.472100e+00   6.747595e-01   3.284809e+00  -1.081021e+00
 1.000   3.246073e+00  -1.963200e+00  -9.839088e-01  -2.971681e-01
 1.000   4.619563e-01  -3.245534e-01  -3.345924e-01   9.350323e-01
 1.000  -1.129760e+00   4.283042e+00   9.815391e-01  -8.776227e-01
 1.000  -1.046314e+00   1.302079e+00  -1.143342e+00   2.495686e-01
 1.000   3.070607e+00   1.458172e+00  -5.429866e-01   4.885576e-01
 1.000   1.010443e+00  -1.409845e+00   1.317352e+00   1.287240e+00
 1.000   1.968157e+00   6.168407e-01  -1.679347e+00   1.831613e-01
 1.000   1.123415e+00  -1.070935e-01  -7.747251e-01  -5.111698e-02
 1.000  -1.053169e+00   2.316961e+00  -9.260884e-01  -1.426514e+00
 1.000   7.181165e-01   2.783292e+00  -3.065385e+00   1.029891e+00
 1.000   1.398553e+00  -1.691206e-01  -1.960737e+00  -7.387570e-01
 1.000   1.970691e+00  -1.143530e+00  -1.234202e+00   1.732513e+00
 1.000   3.431577e+00   5.829858e-01  -3.557556e-01   1.119881e+00
 1.000   9.637258e-02   8.853183e-01  -3.053965e-01   4.310719e-01
 1.000   3.238062e+00  -8.951102e-01  -1.930481e-01  -4.355884e-02
 1.000   3.916373e+00  -1.341851e+00   1.404919e-01   1.808732e+00
 1.000  -1.715640e+00   1.171071e-01  -2.590864e-01   1.815767e-01
 1.000  -2.028176e+00   2.391616e-01  -1.146812e+00  -8.091206e-01
 1.000   1.046108e+00   1.248837e+00   9.766973e-01  -8.488105e-01
 1.000  -2.186267e+00   3.443009e+00  -1.269847e+00   1.724364e+00
 1.000   1.258731e+00   7.846382e-01  -8.785044e-01  -1.162585e+00
 1.000  -1.870539e-01   2.840349e+00  -7.753288e-01   1.878797e+00
 1.000  -4.942599e-02  -7.064666e-01  -7.694257e-01  -3.015679e-01
 1.000  -1.735744e+00  -1.978018e+00   4.239326e-02   3.610929e-01
 1.000   9.463322e-01  -1.164469e+00  -1.833384e-01   1.018441e-01
 1.000   3.301520e+00   1.167369e+00  -7.329196e-01   2.238147e-01
 1.000  -1.393290e+00  -1.178181e+00   1.816034e-01  -4.378830e-02
 1.000   1.298110e+00   1.440229e+00   9.892561e-01   1.118364e+00
 1.000   3.585016e-04   1.350963e+00   6.952828e-01   4.285183e-01
 1.000  -2.041603e+00  -1.821030e-01   1.654418e-01   1.640829e+00
 1.000  -2.794082e+00   2.062039e+00  -1.177119e+00  -1.591142e+00
 1.000  -6.221034e-01   2.791477e+00  -1.863196e+00  -4.311721e-01
 1.000  -1.226677e+00  -2.346829e+00  -1.255732e-01  -1.427585e+00
 1.000   8.369440e-01  -5.918355e-01  -2.614714e+00   4.588698e-03
 1.000   1.862276e+00   2.501170e+00   4.312030e-01  -2.310235e-01
 1.000  -5.882217e-01   3.121678e+00  -6.587510e-01   8.934742e-01
 1.000   3.776006e+00  -6.932528e-01   1.394587e+00  -1.127383e+00
 1.000  -5.945160e-01  -1.595963e+00   9.990588e-01   1.154986e+00
 1.000  -2.335598e+00  -1.171198e+00   2.876351e-01   1.047566e+00
 1.000   9.108585e-01   2.772081e-01  -5.877525e-01   1.207071e+00
 1.000   3.037211e+00   4.442526e-02   1.607272e-01   2.581949e-01
 1.000   1.784744e+00  -5.855631e-01  -1.087496e-01   3.533424e-01
 1.000   7.846915e-01  -1.210348e+00   5.419567e-02  -2.119893e+00
 1.000  -1.888100e+00  -4.338486e+00   8.643252e-01  -9.130094e-01
 1.000  -1.162114e+00  -2.730354e+00  -3.933651e-01  -6.068894e-01
 1.000   3.791984e+00   6.959933e-01   2.660273e-01   1.591832e+00
 1.000  -1.814749e+00   2.343361e+00  -2.203818e-01   4.101454e-01
 1.000   4.538829e+00  -9.288708e-02   1.498244e+00  -8.069258e-01
 1.000  -1.299064e+00   1.657072e+00   2.467695e-01   4.029790e-01
 1.000   3.606969e+00   7.461848e-01   1.566977e+00   9.569282e-01
 1.000   1.329481e-01  -6.873246e-01  -9.039053e-01  -1.150219e-01
 1.000   1.128901e+00   8.803948e-01   3.525752e+00   5.430720e-02
 1.000  -4.546951e-02  -1.151458e+00  -4.458697e-01  -8.291178e-01
 1.000   2.421648e+00  -1.579114e+00  -1.610187e-02  -3.284040e+00
 1.000   2.244051e-01   1.732397e+00   1.314165e+00  -5.574880e-01
 1.000  -1.404945e+00   1.690350e+00   2.303482e+00   1.190518e+00
 1.000   2.058876e+00   6.057119e-01  -7.395294e-01   3.598586e-01
 1.000   7.344174e-01  -1.559422e+00   1.143673e+00   7.501043e-01
 1.000   3.429450e-01  -3.127065e+00  -7.333521e-01   6.705668e-01
 1.000  -7.957218e-01  -2.852639e-02   3.995302e-01  -7.553866e-02
 1.000  -7.894742e-01   2.428658e+00   7.878591e-01   7.967587e-01
 1.000   2.104012e+00   3.751332e-01   1.677867e-01  -6.235585e-01
 1.000   3.068173e+00  -3.076890e+00   9.965252e-01   1.391780e+00
 1.000  -1.329055e+00   9.023385e-01   1.164377e+00   7.835286e-01
 1.000   5.019514e-01  -2.749350e+00   8.956167e-01  -2.524051e-01
 1.000   2.547262e+00  -2.081834e-01   4.540968e-01  -1.826941e+00
 1.000  -6.852716e-01   2.713975e-01  -2.700786e-04  -4.344721e-01
 1.000   3.179924e+00  -3.906791e-01  -9.378533e-01   2.888683e-01
 1.000  -2.211685e+00  -1.958561e+00   1.213427e+00   1.364996e+00
 1.000   2.194724e+00  -1.289285e-01   2.974423e-01   4.660253e-02
 1.000   1.712270e+00  -2.155387e+00   1.353626e+00  -2.618119e+00
 1.000  -1.742125e+00  -1.455746e-01  -6.075463e-01   9.811500e-02
 1.000  -2.748010e+00  -4.264580e+00   8.448487e-01  -3.666188e-01
 1.000   1.845136e+00   1.769979e+00  -1.221079e+00   5.558922e-01
 1.000  -2.914634e-02  -6.668817e-01  -4.772638e-01  -2.250608e-01
 1.000   2.166050e+00   2.912423e+00  -1.885254e+00  -1.164561e+00
 1.000   1.876259e+00   3.090881e+00  -3.651800e-01   3.852625e-01
 1.000  -8.494247e-01   9.563889e-01  -4.964548e-01   5.518742e-01
 1.000  -1.961101e+00  -4.073572e+00  -1.213873e+00  -1.555793e+00
 1.000  -1.336134e+00   6.143104e-01   1.714172e+00   3.261841e-02
 1.000   1.214441e+00   4.185533e-01  -1.010254e+00  -7.631027e-01
 1.000   3.356849e-01  -1.799700e+00   7.781838e-01   4.363882e-01
 1.000  -5.049808e+00  -1.999481e+00   6.374007e-01  -4.406873e-01
 1.000   2.054700e+00   2.175752e+00   9.457387e-01  -1.722777e+00
 1.000  -1.996388e+00   2.450911e+00  -1.638384e+00   9.598126e-01
 1.000  -6.795147e-01   2.036049e+00  -1.258414e+00   4.786457e-01
 1.000  -6.055030e-01   2.865856e+00  -6.084143e-01   1.406413e+00
 1.000   1.527345e+00   1.362625e+00  -1.483952e-01   3.231362e-01
 1.000   2.439219e+00  -2.746267e-01  -2.223701e-01  -6.180675e-01
 1.000   1.318005e+00   1.783246e+00   3.187820e-02   8.529270e-01
 1.000  -6.925461e-01   1.720950e+00   4.100511e-01   2.159401e-01
 1.000   9.182435e-01   7.388099e-01  -1.948911e-01   1.793858e+00
 1.000  -4.742363e-01   1.112914e+00  -1.348569e+00   1.732965e-01
 1.000   1.417482e+00  -9.449942e-01   1.295888e+00   4.966287e-01
 1.000   2.231776e+00  -1.976895e+00  -6.565444e-01  -3.683080e-01
 1.000  -1.718545e+00   9.338065e-01   1.823094e+00   1.938780e-01
 1.000  -1.660236e+00  -7.857346e-01   4.797512e-01  -4.113342e-01
 1.000  -1.211940e+00   3.025756e+00   1.105216e+00   1.271969e+00
 1.000  -1.320730e+00  -1.651215e+00   2.583324e-01  -6.942693e-02
 1.000  -1.636799e+00   3.587802e+00  -1.707922e+00   6.893939e-01
 1.000   1.193042e+00   9.835170e-01   5.781258e-01   1.223448e+00
 1.000   3.295408e+00   4.959503e-01  -6.082177e-01  -3.700632e-01
 1.000  -3.065517e+00   4.097876e-01  -1.550123e-01   2.513370e+00
 1.000  -5.117053e-02   4.638325e+00   9.231630e-01  -1.857199e+00
 1.000   7.855042e-01  -5.116413e-01  -4.845728e-01  -1.589150e+00
 1.000  -8.254738e-01  -6.134562e-01  -3.698114e-01   1.013323e-01
 1.000  -3.744665e+00  -7.464882e-01  -2.432186e-01   2.534745e-01
 1.000  -1.019487e+00  -3.617423e+00   1.887815e+00   1.585351e+00
 1.000   8.659525e-02   5.789507e-01   1.204530e+00  -5.628378e-01
 1.000  -1.496553e+00   8.065447e-01  -1.064973e+00  -3.046749e-01
 1.000   5.290750e-01  -9.290412e-01   5.000902e-01   1.708044e+00
 1.000   1.291006e+00  -4.553234e+00   1.097245e+00  -6.334528e-01
 1.000   3.860864e+00   5.503304e-01   1.332999e+00   1.289946e+00
 1.000   2.721694e+00   3.019687e+00  -4.717247e-01   2.830054e-02
 1.000  -4.765647e+00   1.700284e+00  -1.697134e-02  -1.209787e+00
 1.000   3.406280e-01  -7.536266e-01   5.614447e-01  -7.725966e-01
 1.000   1.092063e-01  -3.284377e-01   3.687235e-01  -1.597779e-01
 1.000  -2.281470e+00   2.299348e+00  -7.924721e-01   4.365159e-01
 1.000   2.042548e-01   3.999259e+00  -2.593386e-01   6.364164e-01
 1.000   3.683897e-01  -3.853181e+00  -2.009246e+00  -3.784418e-01
 1.000   4.792260e+00  -1.255238e+00   3.436245e-01  -1.196317e+00
 1.000  -1.885001e+00  -1.301952e-01   1.298251e+00   1.402454e+00
 1.000  -3.630221e+00   5.469305e+00   1.986807e+00  -5.151526e-01
 1.000   2.403752e+00  -6.272929e-01   1.827960e-02  -1.652289e+00
 1.000   4.261848e+00  -2.095451e+00  -5.482918e-01  -1.644102e-01
 1.000   3.931506e-01  -1.942387e-01  -5.330912e-01  -1.670210e+00
 1.000   3.954278e-01  -1.320685e+00   1.299089e+00   5.684520e-01
 1.000   1.934745e+00  -1.766415e+00  -1.044338e+00   8.932854e-01
 1.000   1.860888e+00   2.103631e+00   6.322536e-01   6.939572e-01
 1.000  -7.596316e-01  -1.703027e+00   4.350292e-01  -3.496447e-01
 1.000   2.131484e+00  -6.098657e+00  -3.654085e-01   5.676730e-01
 1.000  -1.636009e-01  -1.445253e+00   7.705238e-02   1.173584e+00
 1.000   2.459691e+00  -8.216906e-01   1.010097e+00  -6.477604e-01
 1.000  -1.186635e+00  -2.873419e+00   1.039487e+00   1.219291e+00
 1.000  -3.281652e+00   2.148016e+00   4.893874e-02   2.808247e-01
 1.000  -7.689895e-01   8.522154e-01   1.329302e+00   3.712707e-01
 1.000   3.446598e-01   2.209924e+00   1.125641e+00   5.571008e-01
 1.000  -7.953540e-01  -5.587041e-01  -7.045374e-01   5.454966e-01
 1.000   2.295465e+00  -2.786161e+00  -1.824978e+00  -9.012306e-01
 1.000   1.934240e+00   2.654548e+00  -4.406275e-01   2.424207e-01
 1.000   1.444060e+00   2.179599e-01   1.415299e+00   4.802600e-01
 1.000   1.516052e+00   1.158427e+00   2.125340e-01  -1.188798e+00
 1.000   2.158470e+00   1.343869e+00  -2.479061e+00   9.275063e-01
 1.000   2.905208e+00  -7.963803e-01   2.177889e-01   4.141395e-01
 1.000  -1.041744e+00  -1.928036e+00   1.795477e+00   5.513292e-02
 1.000   2.721720e+00   1.165637e+00  -8.215212e-01  -7.307108e-01
 1.000  -3.589607e+00   2.935501e-01   1.156054e+00   9.968525e-01
 1.000  -1.354654e+00  -8.646745e-01   1.039482e+00  -7.897187e-01
 1.000   2.484694e+00   1.850435e+00  -6.096028e-01  -1.179258e+00
 1.000   1.603832e-01  -1.966494e+00   9.065528e-01   1.001166e+00
 1.000   1.013812e+00   3.359535e+00   7.527252e-01  -4.238245e-01
 1.000  -7.655601e-01   4.826415e+00  -3.223886e-01  -1.350532e+00
 1.000  -2.992632e+00   3.106151e+00  -1.785605e+00  -2.984092e-01
 1.000  -1.941351e+00  -9.765779e-01  -4.860414e-02  -1.565923e+00
 1.000  -1.978160e+00   2.716888e+00  -1.987777e+00  -2.398098e-01
 1.000   2.485022e+00  -2.124278e+00  -3.659104e-01   1.218002e+00
 1.000  -1.050889e-01  -2.254691e-03  -1.280813e-01   4.578135e-01
 1.000   1.859891e-01   1.501637e+00   1.235506e-01   1.216986e+00
 1.000   2.728556e+00  -3.656398e-01  -2.626705e-01   2.352088e+00
 1.000  -2.063795e+00   2.853025e+00  -1.908398e-01  -7.258009e-01
 1.000   2.034380e+00  -1.228352e-01   1.074587e+00   7.245775e-01
 1.000   3.521267e+00   2.110067e+00  -6.873919e-01   7.101517e-01
 1.000   8.849484e-01   2.230116e+00   1.969735e+00  -7.280278e-01
 1.000   2.893261e+00  -5.139988e-02   1.197976e+00  -6.978047e-02
 1.000  -1.657791e+00   8.831033e-01   3.413814e-02  -7.258741e-01
 1.000   1.309009e+00   3.095988e-01  -1.082340e+00   9.404114e-01
 1.000  -1.348141e+00  -1.840321e+00  -6.931691e-01   1.066462e+00
 1.000   2.669249e-01   1.829535e+00  -5.424286e-02   1.740329e-01
 1.000  -9.098075e-01   2.344209e+00   1.183383e+00  -1.269028e+00
 1.000   1.808228e+00  -1.100546e+00  -1.686734e-02   1.198054e+00
 1.000   1.748391e-02   8.335836e-01   2.834601e-01  -3.847000e-01
 1.000   7.594030e-01   1.327227e+00   3.978655e-01  -8.765158e-01
 1.000   1.128626e+00   5.289062e+00   5.047143e-01   6.546802e-02
 1.000   1.431466e+00  -1.659169e-01   2.885256e-01   4.547941e-01
 1.000  -2.259322e+00   6.008345e-01  -8.278171e-01  -6.783834e-01
 1.000  -1.851940e+00   1.242025e+00  -1.648068e+00  -7.850690e-02
 1.000   2.947659e+00   8.073963e-01   7.275965e-01   1.693033e+00
 1.000   1.746979e+00  -2.020697e+00   8.075836e-01   2.703629e-01
 1.000   7.096611e-01  -3.212023e+00   4.822886e-02  -7.014015e-01
 1.000   9.858576e-01  -7.273753e-01   9.451749e-01   2.818911e+00
 1.000   3.607934e+00  -3.501526e-01  -1.640257e+00  -9.784848e-01
 1.000  -1.598692e+00  -5.507078e-01   1.266639e-01   2.602498e-01
 1.000  -6.405374e-02  -4.347480e-01   1.745221e+00  -2.012344e-01
 1.000   2.152801e+00  -1.418988e+00  -7.463123e-02  -1.628522e-01
 1.000   2.031644e-01  -2.554318e+00  -7.099113e-01  -2.313186e-01
 1.000  -1.025436e+00  -1.547604e-01   1.134928e+00  -7.090611e-01
 1.000  -2.567913e+00   1.010954e+00   1.403731e+00  -1.122427e+00
 1.000  -4.846465e-01  -1.662165e-01   2.390991e-01   2.888538e-01
 1.000  -1.225188e+00   6.427724e-01   3.376168e-01   7.460884e-01
 1.000   9.739634e-01  -1.185864e-01  -6.237140e-01   5.074238e-01
 1.000  -1.507329e+00  -2.135846e+00   3.749158e-01   6.063343e-01
 1.000   2.450613e-01   8.383613e-02   8.909327e-02   7.645565e-01
 1.000  -3.302555e+00   1.008124e+00  -6.187441e-01   8.557428e-02
 1.000   2.893986e+00   1.562882e+00   3.179838e-01   8.504824e-01
 1.000  -3.729242e-01  -2.163447e+00  -7.831595e-01   8.524872e-01
 1.000  -3.583951e-01  -1.988741e+00   2.257550e+00   6.511379e-01
 1.000   4.223718e+00  -2.312247e+00  -6.955952e-01   4.212771e-01
 1.000   9.043201e-02  -9.456187e-02   1.514172e+00   2.329144e-01
 1.000   1.410332e+00   1.145047e+00  -9.185704e-01   1.045030e+00
 1.000  -1.838889e+00   1.157351e+00   2.524261e-01  -5.222801e-01
 1.000  -2.422563e+00  -1.182118e+00  -3.961445e-02   1.292554e+00
 1.000   3.823290e+00   1.582192e+00   4.450102e-01   1.161833e+00
 1.000   5.067012e-01  -1.027482e+00  -9.749716e-01   5.522755e-01
 1.000  -1.822451e+00  -4.766323e-01  -5.045195e-01   5.850165e-01
 1.000   6.855343e-01  -2.242609e+00   4.074603e-01  -1.394187e-01
 1.000  -2.442384e-01   2.871305e+00  -2.016930e-01  -9.895977e-01
 1.000   6.203592e-01   7.738601e-01  -7.226401e-01   8.592060e-01
 1.000   2.009129e+00  -1.198669e+00  -1.013031e+00  -5.835769e-01
 1.000  -1.568171e+00   4.513753e+00  -3.209893e-02   4.889107e-01
 1.000  -3.991210e+00   2.654231e+00  -1.785471e+00   8.623967e-01
 1.000   3.703721e-01   5.393214e-01   1.638398e-01   4.139852e-01
 1.000   2.317115e+00   6.804813e-01   6.077250e-01  -3.250242e-01
 1.000  -3.371628e-01   1.016066e+00  -4.759465e-01   9.366405e-01
 1.000   1.569658e-01   2.014994e+00   1.174494e+00   6.609098e-01
 1.000   2.868169e+00  -5.116700e-01   1.783388e-01   6.494360e-01
 1.000  -2.475027e+00  -1.743986e+00   4.845233e-01   1.959776e+00
 1.000   2.790620e+00  -8.163504e-01   1.813599e+00   1.699851e+00
 1.000  -1.175015e+00  -1.138964e+00   8.888474e-01   1.930757e+00
 1.000   4.036922e-01   1.822888e+00   7.769506e-02   3.424094e-01
 1.000  -8.326200e-01   8.351760e-01  -5.544152e-01  -4.157349e-01
 1.000  -2.848562e+00  -1.153907e+00   1.010199e+00  -9.805648e-01
 1.000  -3.207561e+00  -1.145970e+00   9.766398e-01  -1.026786e+00
 1.000   5.600349e-01   1.532353e+00   4.748286e-01   1.581999e+00
 1.000  -1.462985e+00  -9.735907e-01  -5.952669e-01   8.087731e-01
 1.000  -1.299671e-01  -2.147020e+00  -1.286814e+00   4.975330e-02
 1.000   4.161286e-01   8.019047e-01   3.610456e-01   8.790637e-01
 1.000  -3.262150e-01   7.388696e-01   6.978889e-01   1.375867e+00
 1.000   2.559510e+00  -3.033048e+00  -8.927064e-01   5.928696e-01
 1.000  -2.754438e+00   9.674952e-01  -6.553822e-01   2.206601e+00
 1.000  -3.155569e+00  -2.494315e+00   1.217905e+00   9.881167e-01
 1.000   2.396487e+00   3.771854e+00   1.710351e+00   5.312209e-01
 1.000  -9.780657e-01  -3.529173e+00   3.906307e-01   1.163385e+00
 1.000  -5.337328e-01  -1.936633e+00  -6.976903e-01  -4.338552e-01
 1.000   1.414460e+00   1.683948e+00   1.437181e+00   5.607810e-01
 1.000   2.691958e+00   9.631128e-02  -4.231312e-01  -4.070480e-01
 1.000   3.028291e+00   1.700627e+00  -1.381511e+00  -1.499681e+00
 1.000   5.248302e-01  -2.202395e-01   6.026341e-01  -3.545229e-02
 1.000  -6.738115e-01  -2.859381e+00  -1.586992e+00  -6.052757e-01
 1.000  -8.985763e-01   2.205714e+00  -6.895838e-01   2.147957e-01
 1.000  -1.204020e+00   1.371771e+00  -2.602053e-01   4.124595e-01
 1.000   1.089116e+00   2.305029e+00   7.001678e-01  -7.909290e-03
 1.000   5.776110e-01   1.287739e+00   1.042993e+00  -3.368496e-01
 1.000  -4.009099e+00   1.683768e+00   3.910563e-01  -9.196160e-01
 1.000  -1.537112e-01   1.027597e+00  -5.263157e-01  -5.569131e-01
 1.000   7.183738e-01   1.364885e+00   5.729021e-01   3.036302e-01
 1.000   1.525451e+00   3.356140e-01   6.848797e-02  -4.110306e-01
 1.000   1.151981e+00   1.971027e+00   6.687147e-01   1.309921e+00
 1.000   4.405769e-01   2.558031e+00   5.449525e-01  -2.443837e-01
 1.000   4.001315e-02  -6.920397e-01  -9.323711e-01   4.771038e-01
 1.000  -8.744871e-01   6.065438e-01  -2.375360e-01  -8.617134e-01
 1.000   4.832988e-01   5.094300e-01  -1.421921e-01   6.362895e-01
 1.000  -4.790582e+00   2.074152e-01  -1.576058e+00  -5.009933e-01
 1.000  -1.699801e+00   2.970988e+00   8.831263e-01  -5.067993e-01
 1.000  -1.137876e+00   2.399176e+00  -6.010816e-01   6.450221e-01
 1.000   1.088447e+00   1.712640e+00  -5.281116e-01  -7.627392e-01
 1.000   2.948182e+00   8.897226e-01   3.972530e-01  -5.308863e-01
 1.000  -1.682555e+00   3.704913e-02   1.075940e+00   3.910240e-01
 1.000   3.002789e+00  -2.496393e+00   5.116286e-01  -3.888595e-01
 1.000  -1.081951e+00   5.698120e-01  -1.060969e+00   1.053452e+00
 1.000  -1.958354e+00  -8.201136e-01  -3.821353e-01   2.643384e-01
 1.000   9.262710e-01  -9.283565e-01  -5.390551e-01  -6.334875e-01
 1.000   3.287915e+00  -1.269027e+00  -9.835955e-01   1.388656e+00
 1.000  -1.272365e+00   1.865795e-01  -2.476608e-01   4.738668e-01
 1.000  -3.755550e+00   3.776974e+00   1.621584e+00   2.776265e-01
 1.000  -2.318068e+00  -1.408835e+00   1.000124e+00   3.060942e-02
 1.000   9.476590e-02  -2.721330e+00  -2.865906e-01   1.151902e+00
 1.000   1.340757e+00   1.095729e+00   8.965478e-01  -1.209940e+00
 1.000   8.921237e-01  -3.957341e+00  -1.617236e+00   1.444700e-01
 1.000   2.607283e+00  -2.226656e-02   8.178389e-01   9.907349e-01
 1.000   5.084248e-01   2.381297e-01  -9.915462e-01  -4.874472e-01
 1.000   3.435735e+00  -3.178364e+00  -8.755982e-01   6.756603e-02
 1.000   3.297707e+00   5.658392e-01   1.348309e+00   2.624646e-01
 1.000  -2.980546e+00   2.667507e+00  -7.774698e-01   1.186480e-01
