5                       ! Number of towns.
0   120 180 202 300     ! Distance from town i to town j.
120   0 175 340 404
180 175   0  98  56
202 340  98   0 168
300 404  56 168   0


3
0   120 180
120   0 175
180 175   0


10
  0  13  45  50  95  15  32 140  44 104
 15   0  40  44  85  22  43 122  38 112
 42  35   0   7  42  55  40 145  27  48
 48  39  10   0  47  58  45 155  57  23
105  90  35  42   0  98 100 202  29  97
 12  24  52  55 102   0  35 148 102  65
 35  42  32  42 102  33   0 112  82  38
135 125 142 150 212 150 110   0  45  47
 44  38  27  57  29 102  82  45   0  10
104 112  48  23  97  65  38  47  10   0
