       0  5.12E-01
     500  1.60E+00
    1000  1.32E+00
    1500  3.17E+00
    2000  2.46E+00
    2500  2.48E+00
    3000  2.09E+00
    3500  2.23E+00
    4000  2.25E+00
    4500  2.37E+00
    5000  2.70E+00
    5500  2.92E+00
    6000  2.65E+00
    6500  2.74E+00
    7000  2.85E+00
    7500  3.02E+00
    8000  3.07E+00
    8500  3.13E+00
    9000  3.25E+00
    9500  3.43E+00
   10000  3.51E+00
   10500  3.58E+00
   11000  3.69E+00
   11500  3.79E+00
   12000  3.90E+00
   12500  4.01E+00
   13000  4.14E+00
   13500  4.22E+00
   14000  4.35E+00
   14500  4.44E+00
   15000  4.54E+00
   15500  4.65E+00
   16000  4.78E+00
   16500  4.90E+00
   17000  5.00E+00
   17500  5.11E+00
   18000  5.21E+00
   18500  5.27E+00
   19000  5.46E+00
   19500  6.11E+00
   20000  5.97E+00
   20500  5.94E+00
   21000  6.06E+00
   21500  6.23E+00
   22000  5.88E+00
   22500  6.06E+00
   23000  6.08E+00
   23500  6.19E+00
   24000  6.57E+00
   24500  6.72E+00
   25000  6.45E+00
   25500  6.63E+00
   26000  6.65E+00
   26500  6.81E+00
   27000  6.86E+00
   27500  7.07E+00
   28000  7.12E+00
   28500  7.16E+00
   29000  7.38E+00
   29500  7.87E+00
   30000  7.81E+00
   30500  7.55E+00
   31000  8.01E+00
   31500  8.24E+00
   32000  8.20E+00
   32500  8.44E+00
   33000  8.49E+00
   33500  8.67E+00
   34000  8.54E+00
   34500  8.37E+00
   35000  8.41E+00
   35500  8.60E+00
   36000  9.07E+00
   36500  8.75E+00
   37000  8.97E+00
   37500  9.09E+00
   38000  9.03E+00
   38500  9.21E+00
   39000  9.21E+00
   39500  9.24E+00
   40000  9.93E+00
   40500  9.69E+00
   41000  1.06E+01
   41500  1.01E+01
   42000  1.03E+01
   42500  1.03E+01
   43000  1.04E+01
   43500  1.01E+01
   44000  1.06E+01
   44500  1.03E+01
   45000  1.04E+01
   45500  1.06E+01
   46000  1.06E+01
   46500  1.07E+01
   47000  1.09E+01
   47500  1.09E+01
   48000  1.08E+01
   48500  1.09E+01
   49000  1.14E+01
   49500  1.16E+01
   50000  1.17E+01
   50500  1.17E+01
   51000  1.18E+01
   51500  1.22E+01
   52000  1.21E+01
   52500  1.19E+01
   53000  1.20E+01
   53500  1.22E+01
   54000  1.22E+01
   54500  1.23E+01
   55000  1.26E+01
   55500  1.23E+01
   56000  1.24E+01
   56500  1.25E+01
   57000  1.31E+01
   57500  1.32E+01
   58000  1.33E+01
   58500  2.71E+01
   59000  1.87E+01
   59500  1.36E+01
   60000  1.34E+01
   60500  1.35E+01
   61000  1.41E+01
   61500  1.35E+01
   62000  1.36E+01
   62500  1.36E+01
   63000  1.38E+01
   63500  1.52E+01
   64000  1.40E+01
   64500  1.46E+01
   65000  1.46E+01
   65500  2.07E+01
   66000  2.82E+01
   66500  1.50E+01
   67000  1.51E+01
   67500  1.48E+01
   68000  1.49E+01
   68500  1.52E+01
   69000  1.58E+01
   69500  1.50E+01
   70000  1.51E+01
   70500  1.52E+01
   71000  1.56E+01
   71500  1.78E+01
   72000  1.94E+01
   72500  2.04E+01
   73000  2.20E+01
   73500  2.36E+01
   74000  2.50E+01
   74500  2.55E+01
   75000  2.67E+01
   75500  2.88E+01
   76000  2.86E+01
   76500  3.11E+01
   77000  3.17E+01
   77500  3.24E+01
   78000  3.41E+01
   78500  3.41E+01
   79000  3.46E+01
   79500  3.79E+01
   80000  3.68E+01
   80500  3.73E+01
   81000  3.77E+01
   81500  3.83E+01
   82000  3.80E+01
   82500  3.84E+01
   83000  3.89E+01
   83500  4.04E+01
   84000  3.83E+01
   84500  3.85E+01
   85000  3.85E+01
   85500  4.00E+01
   86000  4.09E+01
   86500  4.00E+01
   87000  4.03E+01
   87500  4.06E+01
   88000  4.08E+01
   88500  4.02E+01
   89000  4.03E+01
   89500  4.08E+01
   90000  4.18E+01
   90500  4.17E+01
   91000  4.20E+01
   91500  4.15E+01
   92000  4.21E+01
   92500  4.39E+01
   93000  4.26E+01
   93500  4.16E+01
   94000  4.19E+01
   94500  4.41E+01
   95000  4.35E+01
   95500  4.50E+01
   96000  4.38E+01
   96500  4.41E+01
   97000  4.37E+01
   97500  4.41E+01
   98000  4.43E+01
   98500  4.62E+01
   99000  4.56E+01
   99500  4.59E+01
  100000  4.59E+01
