6
  1   1   1
  0   2   3
  0   2   0
  0   0   0
  0   0   0
  0   0   0
  0   0   0
 23  23  23
 14   0   3
 30   0   0
 11  11  11
  0   0   0
 20   0   0
 20  20  20
  4   5   0
 39   0   3
 27  27  27
  0   0   2
  4   4   4
  0   4   0
 22  22  22
  0   0   0
  0   0   0
  0  22  14
  0   0   0
 29  29  29
 17   0  23
  0   5   0
 31   0   0
 27   4   0
  0   0   0
  0   0   0
  3   0   3
  0   0   0
  7   7   7
  4   4   4
  0   0   0
  0   0   0
 19   0   0
  7   7   7
 25  23  27
  0   0   0
  0  13  23
  0   4  23
  8   0   0
 21  21  21
  0   0   1
  0   0   0
 11  11  11
  5   5   5
  0   0   0
  0   0   0
  2  13   0
 21  21  21
  4   4   4
 29  24  36
  0   6  21
  4   4   4
 18   0   0
  2  23  18
  0   0   0
  9   9   9
  0   0   0
 17  17  17
 16  16  16
 16  18  29
 35  35  35
 18   0   0
  0   0   0
  9   9   9
  3   4   0
  0   0   0
  0   0   0
  0   0   0
 22  22  22
  0   0   0
  0   0   0
  0   0   0
 34  15   0
 31   3  23
  4   3   0
  0   0   0
  0   0   0
  0   0   0
  0   9   0
 18  18  18
  0   2   0
 18  18  18
  0   0   0
 27  27  27
 33   0   0
  0   0  15
  0   0   0
 10   9   4
 16  16  16
 28  16   0
  1   1   1
  0  30  13
  0   0   0
  0   0   3
  1  10  20
  9   9   9
 15  18   3
 13  13  13
 15  15  15
 49  24  29
  0   0   0
  0   0   0
 37  38  33
  0   0   0
 12  11   1
 16   0   0
  0   0   0
 21  21  21
  3   3   3
  0  13   3
  7   0   0
  0   0   0
  0   0   0
  0   3   0
  6   6   6
 11  11  11
 32  25   0
  0   0   0
  0   0   0
 29   0  17
  0   0   0
  6   6   6
  3   0   0
 52  24  17
  0   0   0
 38  39  39
 21  21  21
 22  22  22
 28  28  28
 39   0   1
  0   0  10
 32   0   0
  2   2   2
  0   0   0
 23   0  24
 16  16  16
 13  13  13
  0  12  13
  0   0   0
 33   2   0
  0   0   2
  2   0   0
  0  11   2
  0   0   0
 28   0   0
  0   0   0
  0   0   0
 14   0  16
  4   4   4
  0   7   0
  0   0   0
  0  14   0
  9   9   9
  0   4   0
  0   0   0
  2   0  17
 37  37  37
  0   0   0
  0   0   0
  0   0   0
  2   0   0
  0   0   0
 32  32  32
 22   2  25
  0   9  10
  0   4   0
  1   0   0
  0   0   0
  0   0   0
 32   0   0
 18   0  15
 20  20  20
  0   0   0
  0   0   0
 34  34  34
 40  26  41
 14  22   9
  8   0   0
 18  12   9
 12  12  12
  0   0   0
  0   0   0
  0   0   0
  0   0   0
  0   0   0
 23  23  23
 15   0   0
  1   1   1
  0   0  11
  7   7   7
  0   0   0
  0   0   0
 15  15  15
 14   8   6
 23   7   2
  4   0   0
  0   0   0
 25  27  35
  0   0   0
 13  13  13
 25  25  25
 44 234  42
111 255  94
 69 253  67
 71 255  73
 44 226  23
107 255  86
  8   3   5
 19  19  19
 34  34  34
228 234   0
238 239   0
232 234   0
255 255   0
255 255   0
255 255   0
 21  21  21
  0   3   0
  0   0   0
 14   0  13
  5   0   6
  0   3   3
 36  36  36
  0   8  29
 12  12  12
 35   0   1
 11   0   0
 16  19  18
  0   0   0
 29  29  29
  0   0   0
  0   8  19
 20  20  20
 40  27  32
  0   0   0
  8   0   0
 11   0  12
 12  12  12
 41  41  41
 13  24  20
  0  24  35
  0   0   0
 17  17  17
  9  13  27
 17  26  23
  0   0   0
  0   0   0
  0   0   0
 10  10  10
  0   0   0
 10   0  27
  1   0   0
 40   0  15
  0   0   0
  0   0   0
  0   0   0
  6   1   0
  0   0   0
  0  13   3
  0   0   0
  0   0   0
 37  14  24
  0   0   0
 30  29  26
  0   0   0
107 255  71
  8   8   8
 20   4   0
 14  14  14
  0   0   0
  0   8  13
  0   5   6
124 255  95
 36  18  45
235 235   0
255 255  32
255 255   0
255 255   0
255 255  75
254 255   0
253 249  93
255 255   0
  0   0   0
  0   0   0
  0   8  30
 18  32  23
 10  10  10
  0   0   0
  3   2   4
  4   0  19
  0   0   0
  9   0   0
  0   0   0
  0   0   0
 20  20  20
 13  24  27
  0  16   0
  0   0   0
 33  32  32
 29  25  19
  0   0   0
  0   0   0
  0  17   0
  0   0   0
255 255   0
255 255   0
  0   0   0
 12  12  12
 22  22  22
  0   0   0
 19  21  16
  0   0   0
  0   0   0
 90 253  68
 91 255  70
  6   6   6
  0   0   0
  0   0   0
  0   0   0
 10  10  10
  0   0   0
 33  31  25
  8  20  11
  0   0  12
  0   0   0
  0   6  11
  0  14   0
 16  16  16
  0   0   0
 38  38  38
 95 217  61
  0   0   0
 91 255  74
 38  29  33
  0   0   0
104 233  80
  0   0   0
  0 202   0
 14  14  14
255 255  38
239 240   0
 20   0   0
255 255  37
255 255  37
  0  20   0
227 231   0
250 249   0
 10   0   0
  4   0   0
255  81  44
245  26  13
  0   3   0
254  38  22
255  87  47
 16   4   0
 38   0   0
  0   0   0
  0  24   0
  0   7   0
  7   0   0
 76  46 221
 15  19   5
  0  11   0
  7  11  17
  0   0   0
  0   8  19
  0   6  26
 35  35  35
255 248 109
252 255  27
255 255 102
255 255  45
  0   0   0
  0   0   0
  0   0   0
  0   0   0
  0   0   0
 42 224  18
109 255  83
 78 250  58
 83 252  59
  6   0  22
  4   0   0
 39  17  37
 13  13  13
 33  33  33
 23  19  25
 18  18  18
  3   3   3
 39  17  41
  0  39  60
 24   0  23
 23   0   0
  0  13  22
 18   6  29
111 255  81
  0   0   0
 12  12  12
  0   0   0
  6   6   6
  0  15   0
  0   0   0
100 255  88
 23  23  23
255 255  13
244 248   0
255 255  37
255 255  26
255 255  45
255 255   0
213 216   0
255 255   0
  0   3   0
241  96  60
229   1   0
217   0   0
218   0   0
240  34   0
218   0   0
255  36  25
  0   0   0
 12   0   0
  0  23  17
  0   4   0
 68  31 207
 50  13 192
 55  32 206
 15  15  15
  0   0   9
  0   0   0
 31  22  18
 18  18  18
 14  14  15
243 238   0
242 251  36
238 240  56
242 245  65
 22  22  22
 17  17  17
  0   0   0
  0   2   0
 77 255  68
106 255  83
 51 234  38
 97 255  80
 61 240  47
 75 255  74
  4   4   4
  0   0   0
  0   0   0
  0   7   0
  9   9   9
  0   0   0
  0   0   0
 32  32  32
  0   0   0
  0   4  32
  5   5   5
  0  25   0
  1   0   0
111 255  91
  0   8   9
  0   5   0
  8   8   8
 16  13   8
  0   0   0
 21  25  23
 60 235  38
 25  25  25
242 245   0
255 255  66
255 255   0
255 255  54
255 255  33
253 255  35
255 255  54
231 231   0
  0   0   0
224   0   0
255  54  19
221  38   6
249  29  18
230   0   3
255  92  57
247  49  30
 23  17  21
 20  20  20
  0   7  17
 70  38 213
 37   0 180
 60  20 197
 57  12 192
 39  31 203
  2   2   2
 30   0   0
 10  18  18
255 255   0
252 250  41
231 225   0
  0  16  17
  0   0   0
255 255  68
255 255   0
249 250   0
  0   0   0
  0 219  18
 22 223  21
111 255  84
 54 227  19
130 255  94
 79 237  46
 94 252  68
 49 235  42
  0  26   0
  0  12   0
  0   7   0
 21  21  21
 63  16  48
 23   0   0
  6   6   6
 16   3   0
 27   0   0
 14  13  21
 20  20  20
 14   0   0
128 255  95
  7   7   7
117 255  92
 96 255  75
 65 248  60
 59 251  67
  0   4  12
 98 255  77
  0   0   0
246 242   0
255 255 103
  0   0   0
 19  10  25
 32   0  13
  0   0   0
255 255   0
247 245  51
  0   0   0
233   0   2
255  65  38
251  38  17
207   0   0
255  57  33
233  58  36
212  24   3
  0   0   0
  0   0   0
 60  27 203
 63  33 208
 17   0 174
 89  51 229
 63  31 206
 45  27 200
 46  21 196
 51  23   4
 20   7  17
245 248   0
255 255 106
255 255   0
  0   0   0
  2   0   4
255 255   0
247 250  48
255 255   0
 10  11  18
 78 246  55
 54 246  60
122 255  98
 56 238  44
 99 255  69
 48 221   0
 85 236  67
119 255 101
  0   2  20
  0  10   5
  7   7   7
 12  12  16
 24  30  23
  0  13   0
  7   0  25
 21  21  21
  0   0   0
 11  11  11
  0  14  12
 36   0   0
 52 227  20
 24  24  24
  0  18   0
  0 214   1
 31 232  42
 11  11  11
 22  25  23
 65 231  41
  0  11   0
250 246  77
236 237   0
246 250  34
  0   8   0
  0   0   0
255 255   0
222 228   0
255 255   0
  0   0   0
244  44  21
255  83  52
255  56  26
220   0   0
241  44   8
240  20   6
212   0   0
 11  11  11
  0   0   0
 20   0   7
 48  28 201
 34   6 185
 79  49 225
 60  35 209
 68  35 211
  4   4   4
  0   0   0
 10  11   8
255 255   0
255 255   0
250 252   0
 34  34  34
  3   0   3
243 248  48
255 255   0
254 253  34
  6   3   0
 26  26  26
 45 225  19
127 253 100
 54 242  54
 58 239  47
115 255  93
 99 255  84
 26  26  26
 23  23  23
  1   1   0
  0   0   0
  9   1  11
  0   0   0
  4   4   4
 10   0  54
 26  22  18
 17  17  17
  0   0   0
  9   9   9
 14  14  14
 86 255  71
  0   0  46
  0   4   0
  0   1   0
  3   3   3
  0   5   0
  2   0   3
 58 234  36
  0  30  15
255 255  14
234 235  36
224 231   0
239 239   0
255 255   0
255 255   0
255 255  97
212 220   0
  1   1   1
  7   7   7
254  51  12
240  56  14
246  24  15
253  36  24
187   0   0
 29  17  25
  4   0   0
 29   0   0
 22  22  22
  0   8   0
 51  20 196
104  62 241
 55  26 201
  4   0   4
 21  10   0
 27  21  22
  0   0   0
 14   0   0
 32  21   7
 22   0  13
255 255   0
255 255   0
  0   4  17
  4   4   4
  4   4   2
 40  35  34
 36   0   0
  2   2   2
 20   0   0
 62 235  36
 79 255  68
  0   0   0
  0   0   0
 17  18  31
  0   7   0
  0   3   0
  5   5   5
  0   0  27
 35  35  35
  0   0   0
 10  10  10
 39   0  28
 19   0  15
 14  14  14
 11  11  11
 28  27  28
 65 239  43
  5   5   5
  0  18  32
 18  18  18
  0   0   0
 12  14   7
  0  10   0
 86 255  70
  9   9   9
213 213  45
248 251   0
249 248  97
255 255 117
255 255   0
231 238   0
255 255  32
220 221   0
  0   0   0
 15   0   8
  0   0   0
231   1   0
229  42  18
249  34  15
 13  13  12
  6  12   5
 14  19  14
 29  29  29
  0   3   1
  0   0   0
 30  30  30
 59  33 208
  0   0   0
 12  12  12
  0   0   0
 15  15  15
  0   0   2
 24  24  24
 12  26  30
 25  25  25
255 255  72
233 239   0
  0   0  12
  0  17  40
  0   0   0
 27  29  27
  0   0   0
  0   0   0
  3   3   3
 46 232  36
 24 223  22
 10  10  10
  0   0   0
  0   0   0
 10  24  27
  0   0   0
  3   3   3
  0  10   0
 32   0   0
 16  16  16
 34  34  34
 30  30  30
  0  15   4
 12   0   0
  0   4  12
 17   7   0
 32   0   0
107 255  91
126 255  96
 58 229  24
 97 255  93
 36 225  22
 68 243  49
 27  27  27
 23  23  23
 10  14  19
255 255  55
255 255   0
213 221   0
243 242   0
242 241   0
255 255  38
  0   0   0
  0   0   0
 24  24  24
  0   0   0
  0   0   1
255  41  23
  0   4   0
 39   0  25
  0   0   0
 13  19   0
 27  27  27
 35  22  30
 25  25  25
  2  19  11
  0   0   0
  0   0   0
  7  22   0
 21  21  21
  0   0   0
  0  12   0
  3   0  20
  0   3   2
204 209   0
255 255  44
255 255  23
243 246   0
 27  23  15
 20   2   0
  0   1  11
  4  10   4
  0   0   0
113 255  84
120 255  96
 98 255  63
 88 255  67
 14  14  14
  0   0   0
  0   9   0
  0   0   0
 17  27  19
 29  29  29
  0   0   0
 15  15  15
 22  22  22
  2   0   0
  0   0   0
 18  18  18
 20  19  18
 12  33   0
  0   0   0
  0   4   0
  0   0   0
  0   0   0
  0   0   0
  0  11  27
  0  11   0
 27  21  43
  0   0   0
  0   0   0
 29  20  26
  3   3   3
  4   4   4
 26  24  25
  0   0   0
  0   0   0
  0   0   0
 12  12  12
  0   4   0
  0   0   0
 11  11  11
  6   0   3
 16  16  16
 19  19  19
  0   0   0
 24  24  24
  0   0   0
  0   3   0
  0   0   8
  0   0   0
  0  16   6
  0   3   0
  2   2   2
  0   0   0
  0   0   0
 25  25  25
 29   6   0
  0   0   0
  0   0   0
 17  17  17
  0   7  17
 36  27  33
  3   3   3
  0  18  32
  7   0   0
 39   0   0
  0   0   0
 34  35  41
  4   1   0
  0   0   0
 13  13  13
  0   6   3
  8   6   9
  0  20   2
 23   0   0
 22   0   0
  0   3   7
  0   0   0
  2   2   2
  7   7   7
  6   0   0
  0   3  31
  0   0  22
 25   0   0
 13   0   0
 16   0  24
 27   0   0
  0   6  18
 23  23  23
  0   8   0
 29  29  29
  0   4   5
 12  12  12
  0   0   0
  0  24  62
  0   8  20
 19   1   0
  0   0   0
  0   0   0
 28   6  35
 23  23  23
  0   4  24
  1   0   1
  0   2   5
  7   7   7
  0   0   0
  0   4   0
  0   0   0
 19  26  27
  0   0   0
  1   1   1
  0   2   0
  0  11   1
  0   0   0
  0   0   0
  0   1   0
  0   0   0
 30   0   0
  0   0   0
 23  23  23
  0   0   0
  0  13   8
  0   0   0
  0   2  22
  0   5   0
  1   1   1
  0  14  41
 24  24  24
  0   4   0
  0  18  37
 39   0   0
  0   0   0
  0   0   0
  0   4   0
  3   2   0
 10   1   0
  0   3   0
  2   2  15
  0  12   3
  0   0   0
  2   2   2
 36   8  44
  0   0   0
  3   3   3
 20  20  20
  4  15   0
  0   0   0
  4   0   0
  0  11   0
  0   2   2
 12  12  12
  0   4  29
  0   0   0
  4   4   4
  7   7   7
 19   0   0
 14  25  25
  8   8   8
  0   0   0
 25  16  29
  0   0   0
  0   0   0
 19  18  15
 33   0   0
  0   9   5
 22  26  26
  2   0   0
 36  22  20
  0  24  35
 17  17  17
  0   6   6
  0   0   0
  0   6  10
 42   0   0
 29  28   0
  2   2   2
  0   0   0
  0  13   0
  0   4   0
  0   0   0
  7  14  25
  0   0   0
 22  19  18
 23  23  23
  8   8   8
  0   3  18
 10  47  45
 34  34  34
 19   0   0
  0   0   0
  0  15   1
  6   6   6
 15  15  15
  0   0   0
  8   8   8
 10  23  26
  0   0   0
  2  17  13
  0   0   0
 22  22  22
 18  18  18
 22  20  14
 26   0   1
  6   0   0
  2   0   2
  0   5   0
  0   0   0
  0   0   0
  0   0   0
 13   0  42
 12  12  12
 29  30  29
  6   6   6
  8   8   8
 16  16  16
  3   3   3
 25  25  25
  0   4  14
  0   0   0
 24  24  24
  0   0   0
 25  25  25
 23  27  30
 72   7  48
 13   0   0
  0   0   0
  0   6   3
  0  31  35
  0   0   0
  0   0   0
 12  22  28
  1   1   1
 25   0   0
  0   0   0
 27  27  27
  9   0   0
  0   0   0
  4   0   1
  0  11   0
 23  37  28
 20  20  20
  0   5   0
  3   3   3
  9   1   0
  4   0   0
  5   5   5
 28  28  28
 25  25  25
  0   0   0
 22  22  22
 11   0   4
  0   1  17
  0   0   0
  0   7   0
 16   0   7
 35   0   0
 20  14  13
  0   0   0
  7   0   0
 32   0   9
  2   0   0
 12   3   9
  0   6  28
 16  16  16
  0   0   0
 16  16  16
  0   0   0
 29   0  18
  0   0   0
  0   0   0
  0   2   5
 24  26  29
  1   0  14
  0   9  28
  0   0   0
 26  26  26
  0   1   2
  0   0   0
  0   0   6
  0   0   0
 39  14   0
 35  27  28
  0   0   0
  0  16  29
  0   0   0
 24  23  23
 32  32  32
  0   7   0
 21  21  21
 13  13  13
  0  13  17
  6   0   0
 30  30  30
  0   0   0
  5   0   0
  1   1   1
  0   5  27
  0  11   0
 11   0   0
  0   0   0
 31  31  31
  0   0   0
  0   0   0
  0   0   0
  2   0   0
 12  12  12
  5   5   5
 37  22  43
  0   0   0
  7   0   0
218   0 220
255  99 255
 25  25  25
  0   0   0
  0  12  13
 23   0   0
 26  20  16
 12  13   0
  0   0   0
  3   0   0
 24  24  24
  6   6   6
  0   0   0
  0   2   0
 17  17  17
  0   0   0
  0   0   0
  0   7  24
  0  19   0
  0   7  16
 18  18  17
 17   0  15
 22  23  22
 40  39  39
 42  17   0
  5   5   5
 16  14  18
  0   1   0
  0   0   0
  0   0   0
  2   2   2
 28  28  28
  0   0   0
  9   0   5
  0   6   0
  0   1  38
 29  29  29
  0   8   0
 39   6   1
 18   0   0
 23   0   4
  8   8   8
  2   0   3
 35  38  50
 18  17  16
254  65  31
214   0   0
  1   1   1
  8   1   0
216  42  13
243  57  27
  0   0   0
  1   0  15
 11   0   0
 20   0   1
  0   4  16
 25  16   0
  0   0   0
  0   0   2
 10  10  10
 21  21  21
 23   0   0
  0  18  14
  0   0   0
 20  23  21
255  82 255
226  22 227
  0  14  24
 32  13  18
  0   0   0
  0   0   0
  0   0   0
  0  11   0
 13  13  13
 30   0  11
 16  21  22
  2   0   0
 31   0   0
  9   9   9
  0   0   0
  0   0   0
  0   0   0
 34  34  34
  0  15   0
  0   0   0
  1   1   1
  0   0   0
  0  14  17
  0   0   0
  0   0   0
  0   0   0
  0   0   0
 15  15  15
  7   0   9
  0   0   0
  0  10   1
  0   0   0
 16  16  16
 14  14  14
  0   0   0
 36  36  36
 25  25  25
  0   0   0
227 225   0
236 241   0
  0   0   0
  0   0   0
 19   0   0
  0  44  68
  0   0   0
255  70  28
242  27   5
  0  14  41
 19  19  19
255  74  41
232   0   0
  0   0   0
  0   6   0
  3   3   3
 39  39  39
 35   0   1
  0  11   1
  0   0   0
  0  17  17
  0   2  22
 24  24  24
 26   0   0
  0   4   4
228  18 226
229  51 228
219   0 220
222  49 216
249  76 250
  0   0   0
 14   0   0
  0   2   5
 29   0   1
  0   1   6
  2   2   2
 22  26  24
 34   2  28
  0   0   0
  9   0  18
  0  33   0
 24  24  24
  3   1   0
 35  35  35
 94 255  78
 53 239  49
116 255  86
  2  13   1
 21  21  21
  3   1   0
  7   7   7
  0   0   0
 19   9  17
  9  11   9
  0   2  22
 47   0   0
 34  13  26
  5   5   5
  0   0   0
 31  13   1
  6   0   0
  2   2   2
  0  32  27
 21   0   6
248 243  49
255 255   0
255 255   0
248 251   0
  0   0   0
  2   2   2
  0   0   0
  0  29  27
255  53  27
231  47  18
 10   1   0
  8  19   5
238   0   8
255  57  24
  0   0   0
  4   4   4
  0   0   0
 47 229  29
 79 255  69
 34   0  11
 84 255  64
101 255  77
 27   0   7
 20  20  20
  6   5   0
251  68 255
240  41 236
  0   0   0
 21  15   0
 12   0   4
255  76 255
221  18 225
  0   5   0
 35   3   2
 14  14  14
  0   0   0
  0   0   0
 15  10  31
  3   3   3
 32   0   0
  0   0   0
 14   0   0
 34   0  11
 29  29  29
 85 255  65
122 255  91
 12  12  12
 91 255  61
 57 238  44
 19  23  14
  5   5   0
 29  29  29
 36   0   0
  8   0   0
  0   2   0
  0   0   0
  0   0   0
  0  31   0
 22  22  22
  0   0   0
  0  45  35
  0   7  13
 21  21  21
  0   0   0
  0   8   0
255 255  65
255 255  91
255 255   0
255 255  25
 39  25   0
 13   5  17
  0   0   0
  0  13  14
 22  22  22
195   0   0
  6  10   7
  0   0   0
237  24   3
  4   0   0
  1   1   1
  0   0   2
 20  20  20
 57 240  49
 67 242  48
  5   5   5
 53 224   8
114 243  89
 13  18  21
 20   0   0
  0   1   0
236  44 238
226  35 233
  7   0  18
  0   0   0
 34  34  34
 14  14  14
226  29 230
  0   0   0
 25  25  25
220  58  24
245  36   6
 19  19  19
  0   4   5
 38  15   0
  1   1   1
230   1   0
  0   0   0
 21  23  20
  4   0   0
 76 254  66
 57 240  49
  0   0   0
120 255 100
 75 244  62
  0   0   0
  0   0   1
  0   0   0
 21  21  21
  1   1   5
 23  26  25
  4  16   0
  0   0   0
 19   0   5
 33  33  33
  7   7   7
  9   9   9
  0  19  18
  0   0   0
 15  15  15
  9   4   7
255 255   0
239 244   0
255 255   0
255 255 114
 29  29  29
  0   4  12
  5   1   0
 14   0   0
 24  24  24
  0   9  11
  0   1   0
 24  24  24
  0   0   0
 21  23  32
  0  12   7
  0   0   0
109 255  76
 66 243  50
 52 233  37
 82 251  58
 55 232  32
 88 255  62
118 255  94
  0  27  29
 19  20  19
255  86 255
246  50 241
  5   0   2
 20  31  29
  0   0   0
  4   0  10
  0   0   0
 13   6  10
 30   0   9
226  62  32
248  16  22
  0  11  13
  0   0   0
 35   0   0
246  46   0
255  76  42
  0   7   0
 19  19  19
 31  24  28
  0   0   0
112 255  83
 88 253  59
 81 255  68
 18   3   8
 20  14  42
  2   0   0
  0   9   6
 21   0   0
 12  11   7
 26   8   1
 12   0   0
  1   1   0
  1   2   4
  6   4   0
 24   0   0
 35   0   0
  0   0   0
 15  15  15
  0   0   0
  0   5   0
  0   0   0
238 241   0
255 255 100
 10   5   0
  0   0   0
  0  16   0
 12  12  12
  0  16   0
 22  22  22
 10   0   6
  7   7   7
  0  15   0
  0  10   9
 30  34  34
  0   0   0
 23  23  23
 22   5  36
102 255  80
 91 255  63
  0   6   0
 97 255  75
 81 255  72
 21  26  23
 17  17  17
 22   0   0
  0   0   0
255  77 255
253  54 244
243  46 239
238  44 238
211   0 212
 28  28  28
 23   3   0
 23  23  23
 11   7  17
  0   5  20
  0  25  22
 30  35  43
237  26   0
255  70  34
 20   0   0
  0   0   0
  0  28  25
  0   0   0
 83 253  62
 80 250  57
 68 251  64
  9   9   9
 81 248  53
114 255  91
  0   0   8
  0   0   0
 21   0   9
  0   0   0
  0   0   0
  0   0   0
  0   0   0
  0   0   0
  8  17  15
 33  33  33
 26  26  26
  0   0   0
 23  23  23
 15   2   0
 19  22  32
 22  22  22
255 253  63
255 255   0
  0   0   0
  0   5  22
 25   0   0
  0   0   0
  0   5   0
  0   0   0
 32  32  32
 36  36  36
 11  14   0
  9   9   9
 21  21  21
  0   0   0
 26  26  26
 38   0   0
 88 248  49
125 255  94
  0   0   0
 86 255  71
 33 234  45
  7   7   7
 35  23  19
  0   0   0
  0  12  19
  8   8   8
  0  15   7
  3   5   2
 21  21  21
241  45 238
255  62 249
 19  17  16
 17  17  17
 38  38  38
  0   0   0
  0   3   3
255  75  40
241  26   4
 22  22  22
  0   0   0
 38   0   0
 14   7   0
 95 255  59
 87 255  64
  0   0   0
 79 246  69
 85 255  64
 52 227  47
  6   6   6
 17  18  19
  0   0   0
 14  14  14
 39   0   0
  3   3   3
 32  32  32
  0  14   2
  0   0   0
 27  27  27
  0   0   0
  1   1   0
  0   3   3
  9  34  38
  0   0   0
  0  10  27
  0   0   0
255 255   0
218 224   0
  0   0   0
 34  34  34
  0   0   0
  0   0  34
 21   0   0
 29  29  29
  0  13   0
  0  25  16
  8   8   8
 12  12  12
  0  17  37
  0   0   0
  0   0   0
  4   0  11
100 255  79
 96 255  74
  0  21   0
110 255  79
105 255  83
  8   8   8
  0  14   0
 14  14  14
 13   0   9
  0   0   9
 19  19  19
  0   7   0
  0   0  13
234  86 231
249  66 254
 14  12  11
  0  19   0
  0   0   0
 25   0   0
245  33   7
186  33  19
  0   0   0
 42  32  40
  4   0   9
  5   0  29
 13  13  13
 96 255  67
 70 249  60
  0   0   0
  0   0   0
 59 247  61
 54 237  44
  5   0   0
 28  28  28
  2   2   2
  0   7  28
 37   0   1
  3   3   3
 17   0   0
 29  11  14
 21   0   0
  0  12   0
  3   0   0
 12  12  12
 12   0   9
  0   0   0
 34  27   0
  0   0   0
  7   0   0
 28   0  17
  8   8   8
 30  34  32
  0   5  19
  9   9   9
  0   4   0
  5   5   5
  0   0   0
 35  18   0
  0   0   0
  7   0   0
  6  25  12
  0   0   0
  4   4   4
 28  10  18
 57 240  49
114 254  94
 38 229  32
114 255 100
 84 255  75
 37 221   8
 22 225  27
 24  24  24
  0   0   0
255  72 255
 19  11  10
  0   0   0
  0   1   3
  0   0   0
251  57 246
255  79 255
  0   0   0
  0   0   0
  0   0   0
230  10   0
255  74  36
  0   4   0
 12  12  12
  2   5   1
  1   1   0
  0   0   0
  0   4   0
108 255  88
 73 255  68
  6   0   0
  0  17  20
 61 240  47
113 255  88
 29  29  29
  0  10   0
  9   0   0
  0  31  42
  2   0   0
 23  23  23
 25  25  25
 12  12  12
  0   0   0
 32   3   2
 15  15  15
  0   4   0
 39  39  39
  0   1   0
  3   3   3
 27   0   0
  0   9  28
255 247  95
255 255   0
  0   0   0
  0   0   0
  2   0   0
 26   0  15
  0   0   0
  0   8   0
  0   0   0
  0  22  21
 11   0  26
  0   0   0
  0  11  15
 37  42  40
 31   0   0
 30  37  32
  1 219  14
 56 236  42
  0   3   1
117 255  93
 63 244  54
 16  16  16
  0   0   0
 31  37  33
213  50 215
255  85 255
  0   0   0
 22  22  22
  0   0   0
252  65 253
224   0 221
 10  10  10
  0  17   0
240  16   8
241  19   8
 13  13  13
 22   0   0
  0   0   0
228   0   0
249  38  14
  8   0  14
 38  10  18
  1 227  36
 26 231  41
 12  10  12
  0   0   0
 81 255  67
 42 233  40
  0   0   0
 17  17  17
  0   0   0
  0   0   0
 13  21  22
  0   8  15
  0   5   4
  0   0   0
 37  37  37
 11  11  11
  2   0   0
  0   0   0
  0  13   0
 20   0   0
 37   0   0
 23  27  34
  0   0   0
247 247   0
245 246  34
  0   1   0
  0   0   0
  0   0   0
  4   4   4
 29   0  31
  0   0   0
 22  22  22
 30  25  36
  0   0   0
  0   0   0
  0   2   0
  0  13   0
 26  26  26
  0   0   0
 70 248  57
105 255  75
  0   0   0
120 255  88
 60 241  49
  2   4   0
 32   0   0
 28  28  28
 18  22   7
242  70 228
212  31 214
238  44 238
211   0 211
255  93 255
  1   1   1
 19  19  19
  4   0   0
250  90  52
 20  20  20
 21  21  21
  1   0   0
 18   3  45
212   0   0
255  79  45
  0   0   0
  2   0   0
 16   7  33
 98 255  77
 46 239  51
 86 255  76
  8   8   8
 60 232  30
108 255  84
  0   0   0
 42   0   0
  0   0   0
  4   0   0
 16   0   0
  0   0   0
  3   3   0
 20  20  20
 26  26  26
  0   0   0
 15   0   1
  0   7   2
  3   0   9
  0   0   0
  4   0   0
  0  17   9
  0   0   0
  0   1   0
  7   7   7
 25  25  25
  0   0   0
  5   5   5
  9   9   9
 20   0   0
 12  12  12
  0  15   0
  0  13  40
  0   0   0
  0   0   0
  2   0  29
  0   0   0
  0   0   0
 30  19  13
  0   6   0
 12   1   0
  0   0   0
  0  14  11
 26  24  16
 22  22  22
 11  11  11
  0   0   0
 17  17  17
  0   0   0
227  14 224
247  55 245
  0   4   4
 37  37  37
  0   5   0
  8   6   0
  8   8   8
 14   0   0
  0   0   0
 13   0  24
  0   6   2
  0   0   0
  0   0   0
 26   0   0
  0   0   0
  0   0   0
 32  31  25
  0   7  20
  0  15  12
  7   7   7
  0   3   0
  0   0   0
  5   5   5
  8   8   8
  0   8   0
  6   6   6
 19  26  23
  0   5   3
  0   0   0
  0   0   0
  8   8   8
  0   0   0
  0   0   0
  0   0   0
  0   0   0
  0   0   0
  8   8   8
 20  21  25
 40   0  10
  0   0  40
 29  29  29
  8   8   8
  0   0   0
  2   0   5
  0  10   0
 31  31  31
  0   0   0
  0   5   5
 36   0   0
 29  29  29
 15   0   7
  0   0   0
  9   9   9
  0   0   0
  2   2   2
  2   0   0
  0   0   0
 38   6   0
  0   0   0
 40  40  40
 19  19  19
  0  11   0
  0   0   0
  0  17   1
 23   0  15
251  67 255
240  50 242
  0   0   0
  0   6   0
  4   4   4
  0   0   0
  0  30  15
  0   0   0
 14   0   0
 29  29  29
  0   9  22
 25  25  25
 18  18  18
  0   0   0
 29  28  29
  0   0   0
  0   0   0
  0   0   0
  0   0   0
  8  12   8
  0   0   0
  0   0   0
 23   0   0
  0   6  14
 33  29  35
 27   9   0
 24  24  24
  0   3   8
 36   0  12
 18  15  23
 35  22  17
  0  17   0
  7   7   7
  0   0   0
  0   0   0
  0   0   0
  0  22  17
  0   0   0
  0   0   0
  4   0   0
  2   1   1
  0   7  13
 23   0   0
 26  15  23
  0   0   0
  0   0   0
  0   0   0
  0   0   0
 25   0  15
 20  20  20
  2   2   2
 24  24  24
 20  20  20
  0  37   0
  1   0   2
  0   0   0
 33  33  33
 31  43  29
 14  14  14
 11   2   0
  0   0   0
  2   2   2
  8   8   8
  0   0   0
 24  15  12
  0   0   0
  0   0   0
  0   0   0
 18  18  18
 17  17  17
 37  19  21
  0   3   0
 19  19  19
 31   0   0
  0   5  11
 36   0   0
  0   0   0
 12   0  15
  0  16   4
  0   0   0
 13  13  13
 16   0   0
  0   0  28
  1   0   0
  0   0   0
  0   0   0
  0   0   0
  0   0   0
 49  41  43
 14  15  43
  6   6   6
  0   1   0
 21  21  21
  5   3   0
  1   1   1
  0   0   0
  0  10   0
 15  15  15
  0   0   0
 25  25  25
  0  22  24
  0   2   5
 16  16  16
 24   0   0
  0  26  20
  0  10   0
 24   0  11
 15  13   1
  8   8   8
  0   0   0
 39   0   0
  0   0   0
  8   8   8
 26  26  26
 25  25  25
  0  13   0
  0   0   0
  0   0   0
 11   0   0
  0   1  26
  0   0   0
 23  23  23
  0   3  21
  0   4   0
  0  14  26
  3   3   3
 17  17  16
  4   1  11
 20   0   0
  1   1   1
 20  20  20
  0   3   7
  0   0   0
  7   7   7
  5   0   0
  0  12   9
 32  20   5
  3   3  24
  0   7  14
  7   7   7
  0  28  31
 17  17  17
 36  13   5
  0   0   0
  0   8   0
  0   0   0
 23   0  36
  0   0   0
  5   5   5
  2   4   0
  0  22  20
 16   5  10
  0   0   0
 17  17  17
 23  17  18
 19  19  19
  0   2  14
  0   1   9
 16   0   7
  0   0   0
 20  20  20
 24  24  24
 14  14  14
 24  24  24
 22   0  29
  0   3   0
  0   0   0
  9   0   0
  0  11   3
 24  24  24
 20  20  20
  0   0   0
 17  17  17
  4   4   4
 36  32  29
 27  27  27
 10  10  10
 25  16   0
 29  29  29
 14  14  14
 10   0  27
  0   0   0
  7   0   0
 24  24  24
 30   0   0
  0   0   0
 12  23   0
  8   0   0
  0   0   5
  6   6   6
  0   0   0
 17  17  17
  3  29   0
  0   0   0
  0   0   0
  0   0   0
 33  17  26
 11  11  11
 10  10  10
 14  14  14
 10  20  17
 24  24  24
  0   0   0
  0   0   0
 54  22   2
 25  25  25
 26  26  26
  0   0   0
  0   0   0
 21  23  19
  1   1   1
  4   4   4
 19  19  19
  0  20   0
  0   0   0
  7   7   7
  0   0   0
  0   0   0
  0   0   0
  0   0   0
 19  19  19
  1   0   0
 27  27  27
  1   0  21
  8  11  26
  3   3   3
  0   0   0
  3   3   3
  0   4   1
  7   7   7
  7  15   4
  0   0   0
 33  33  33
  9   0   0
  0   0   0
  4   0   1
  0   2   5
 17  17  17
  7   0   0
  0  21  24
 15  14  14
  0   0   0
  4  25  24
 38  38  38
 13  18  17
  2   2   2
 14  14  14
  0   0   0
 24  24  24
  0   6  11
  0   0   0
  0   0   0
 29   0  34
 14  11  23
  3   3   3
 11  11  11
 14   0   0
 17  17  17
  0   0   0
 15  11   8
  0   0   0
  0   0   0
  6   0   0
  0   0   0
  0  13   0
  0   0   0
 41  41  41
  6   5   4
  5   0   0
 21  21  21
 15  15  15
  0  12   1
 26   0   0
 16  19  20
  0  17  20
 28  28  28
  0   0   0
  0   0   0
 38  38  38
  0  24  22
 19  19  19
  0   0   0
 16  14   0
 23   0   6
  0   0   0
 21  26  30
  0   0   0
  4   4   4
  0   9  27
  0   0   0
  0   0   0
 31  19  23
 16  16  16
  6   6   6
  5   0   2
  0   0   0
  0   0   0
 30  12  45
251  49 241
  0   0   0
  4   4   4
  0   0   0
 14  14  14
 14  18  18
 73 248  56
 98 255  85
 19 216   0
 73 249  59
117 255  93
 49 233  37
 11  11  11
  6   6   6
 13  13  13
  5   0   0
  0   0   0
244  19  14
255  51  33
221   0   0
242  56  31
  0   0   0
  0   0   0
  1   0   0
 22  15 189
 80  44 221
 85  49 226
 76  39 216
 48  21 196
 18   0   0
  8   8   8
  0   0   0
 20  20  20
217 223   0
255 255  38
249 252   0
224 227   0
255 255  78
255 255  58
255 255  34
 17  17  17
  9   9   9
 90 247  64
 64 240  46
 95 255  84
 95 255  93
 41 230  34
 80 255  69
 63 240  45
 11  11  11
 21  21  21
 17   0  19
 41   0   0
  0   0   0
254 255  47
220 227   0
220 223   0
255 255 109
255 255   0
  0   0   0
  0   0   0
  1   1   0
  8   0   0
  6   0   5
231  25 228
255  88 255
240  72 240
  4   0  15
  0   9  28
  0   0   0
  0   0   0
  0   0   0
 27 221  15
113 255  83
  0   0   0
  7   7   7
 77 250  59
 62 244  54
  0  12   0
  0   1   4
  0   0   0
245  31   8
246  28  13
  0   0   0
 16  16  16
255  61  32
199   0   0
 17  14  15
 32  32  32
  0   2   0
 44  18 193
 48  16 193
  0   2  16
118  76 255
 70  34 210
 31   0   0
  0   0   0
  0   0   0
  0   8   0
234 235  64
243 255   0
 26   0   0
  0   0   0
255 255   0
255 255 130
  0   0   0
 28  26  25
 19  28  32
 83 239  58
 51 237  45
  1  37  10
 13  13  13
 87 254  61
 67 243  49
  0   0   0
  0   0   0
 28  26  32
  0   0   0
208 210   0
255 255  60
  0   0   0
  0   0   0
  2   0   2
255 255   0
255 255   0
 31  31  31
  0   0   0
  0   0   0
255  59 247
234  31 230
  0   0   0
219   0 216
237  42 237
  0   0   3
  0  23  26
 17   0   0
  0  13   0
101 255  73
 85 255  80
  0   0  11
 32   0  27
 73 253  65
 78 251  60
  7   0   0
  1   0   0
247  43   4
255  83  47
  0   0   0
  0   0   0
  5   5   5
 22  22  22
255  45  19
  0   0   0
 11  29  34
  0   4  19
 50  15 193
106  65 244
  0   0   0
  0   0   0
 71  42 218
 60  30 205
  0   0   0
  0  12  16
  7   7   7
255 255   0
255 255   0
  0   0   0
 14  14  14
  9   0  11
249 247   0
  0   0   0
  9   0   0
  0   0   0
 72 248  57
 95 255  78
  1   1   1
  0   0  24
  8   8   8
106 255  82
  0   0   0
  7  23  16
  6   6   6
 31  31  31
242 239  15
236 237   0
  0   3   0
 24  24  24
  0   3   5
252 249   0
223 230   0
  0   4   0
  0   0   0
201   0 203
218   0 219
  0   2   2
 15  18  14
  0   0   0
245  61 250
234  38 234
  0   0   0
 16  16  16
 13  13  13
 64 240  47
 85 255  83
 31  31  31
 18   0  12
122 255  99
 23 213   0
  0  16   0
 10   0  16
254  46  16
246  39  16
 32  26  23
  0   0   0
 30  30  30
  0   2  24
  2   0   0
  0   0   0
  0   0   0
 22  32  35
  0   0 163
 89  53 230
  0   3  22
  6   6   6
  0   4 179
 53  40 213
 36  36  36
 21   0   0
  0   3   3
241 247   0
249 251   0
 37  37  37
255 255   0
 28   0   0
 19   0   0
  5   0   0
  0  25   9
  0   5   0
105 255  79
 89 240  62
  0  25  29
 96 255  76
  0   0   0
 20   2   7
 26   0   0
  0   0   0
  0   0   0
  0   0   0
252 251   0
247 242   0
  0  13  35
251 250  82
255 255   0
255 255   1
255 255   0
  0  17  29
 15  15  15
237  38 234
210   0 205
  0   9   0
  0   0   0
  0   0   0
255  91 255
244  57 243
  0  12  26
  1   1   1
  0   5   3
 76 251  60
131 255 103
 78 251  60
137 255 115
116 255  98
  0   0   0
 26   0   0
 29   0  22
225  35  13
253  44  17
 29  29  29
  2   2   0
  0   1   0
  0   0   0
  0   0   0
  0  12   0
 14  14  14
 40  40  40
 65  30 200
 71  34 210
 17  17  17
  0   0   0
 57  21 198
 54  31 205
  3   0   1
 20   0   0
  2  14  20
255 255  51
255 255   0
255 255   0
255 255   0
  0   4   2
  0   0   0
  0   0   0
 19   0   4
 23  23  23
 67 255  75
 56 234  38
 76 245  49
101 255  69
  0   0   0
  0   0   0
  0   0   0
 42  22  37
 12   6  30
 38  16   0
254 255   0
246 241   0
  3   0   0
251 255   0
230 240   0
255 255  35
248 249   0
  0   0   0
  0   0   0
229  14 224
246  40 235
255  85 255
254  62 250
250  61 250
235  38 234
255  87 255
  0   0   0
  0   4   3
 18  18  18
 99 255  88
 96 255  66
  0   0   0
  4   4   4
 80 249  55
 80 246  49
  0   0   0
  0   0   0
236  64  35
244  31   6
  2   0   0
 15   0   0
 16  16  16
  0   0   0
  0   0   0
  0   0   0
 34  33  31
 20  19  34
 74  34 211
 71  37 213
  6   6   6
  0   0   0
 59  32 206
 69  47 222
 28  28  28
  0   9   9
  0   8   0
237 243   0
252 255   0
 14  14  14
255 255  65
 14  14  14
  0   0   0
  3   3   3
 36  36  36
  7  22  17
 79 250  57
 89 255  68
 29  19  25
  0 209   0
 23  23  23
  0   2   5
  0   0   0
 11  11  11
 25  25  25
  0   4  15
254 252   0
255 255  85
  4   7   7
251 252   0
238 235  39
249 245  61
228 237   0
  8   8   8
  0   0   0
255  69 255
255  75 255
 13   0   0
  0  19   0
 24   0   0
233  31 231
236  42 237
 35  35  35
 26  26  26
 26   0   3
131 255  94
 56 238  45
 20  20  20
 17  17  17
 67 244  52
116 255 102
  0   0   0
  0   0   0
255  57  36
222   0   0
  0   0   0
  6   0   3
 21  21  21
 18  18  18
 26   0   0
  0   0   0
  0   0   0
  0   2   0
113  61 241
 77  47 223
  9   9   9
  7   7   7
 44  38 210
 61  37 212
  0   0   0
  8   0   0
  0  14   0
255 255   6
255 255   0
 47  29  45
 17  19  21
  0  22  18
  0   2  10
  0   0   0
  3   3   3
 46  21  32
115 255  83
 45 236  46
 10  10  10
  0   2  26
  0   0   2
  4   4   4
 18  18  18
  0   0   0
  0   3  24
  0   0   0
228 231   0
249 242   0
  0   0   0
255 255   0
234 243   0
255 255  72
  4   6   0
  0   0   0
  0  11  26
251  66 253
254  71 255
 19  19  19
  0   0   0
  0   5  12
239  52 243
255  63 250
 31   5  14
  0   6  20
  0   0   0
 59 242  51
 98 255  67
  3   0   0
 26  20  31
 52 234  39
129 255  95
  0  16  25
 33  33  31
243  30   6
216   0   0
 15  19  18
  0  13   1
 27  27  27
  0   0   0
255  50  23
  0   0   0
  0   0   0
  6   6   6
 34  26 198
 78  47 223
 31  33  11
 33  33  16
 49  18 194
115  62 242
  0   0   0
  8   8   8
 19   0  12
243 247   0
255 255   0
  9   0   0
  1   0   0
  0   0   0
245 252   0
  0   0   0
 31  31  31
  0   0   0
  0 215   2
117 255  87
  0  25  29
  0   0   3
 23  18  19
  8   2   3
  5  10   0
  4   0   0
  0   0   0
  0  15   3
255 255   0
255 255   0
 21  21  21
 27  23   0
  0   5   3
 39   0  25
 39  10  22
  0   0   0
  0   0   0
255 123 255
229  15 225
 11  11  11
 29  29  29
  0   1   7
255  71 255
230  42 237
 16  17  14
  0  26  37
  0   4   2
 82 252  59
130 255  94
  0   3   0
  8   8   8
 67 245  54
102 255  73
  3   1   0
  3   8   0
 13   4   0
250  72  40
255  48  31
 22  22  22
  0   0   0
237  49  25
236  51  24
 24  24  24
  0   6   0
  0   0   0
 75  32 209
 58  28 203
  0  20  34
 81  51 228
 39  34 206
  0   0   0
 13  13  13
  0   0   0
  0   2   3
255 255   0
248 251   0
  0   0   0
 10  10  10
252 249 102
246 244  35
  0   3   0
 11  13   4
  0  33  15
 81 253  61
 41 226  24
 43   8  27
  2   4   0
  0   0   0
 21  21  21
 26  25  23
 22  22  25
  0   0   0
  7   0  23
  0   0   0
251 252   0
238 241   0
246 246  20
255 255  25
255 255  99
  9   3   0
  0   0   0
 26   0   0
253  64 252
255  84 255
 22  21  20
  8   0   0
  4   0   3
255  70 255
248  58 247
  0   0   0
  0   0   0
106 255  68
 15 224  26
130 255  94
 39 228  31
 70 244  51
 95 255  69
 15   0   0
  3   7   0
 17  17  17
 32  32  32
  0   0   0
255  49  22
255  60  30
252  36  20
255  61  17
  0   3   0
 33  28  21
 25  25  25
 84  57 234
 64  35 210
 60  33 208
 62  33 208
 41  13 190
  0   1  10
  3   6   0
 23  23  23
  0  21  13
252 250  37
246 248   0
255 255  89
255 255  75
255 255 125
255 255   0
239 239   0
  0   0   0
  9   6   4
 55 235  40
  0 219  18
 59 239  46
103 255  89
 20   3  16
  9   9   9
  0   0   0
  0   0   0
  0   5   0
 14  14  14
  0   0   0
  1   0  31
  2   0   0
  4   4   4
  0   8   0
  0   0   0
  0   0   0
  0  16   0
  9   0   0
  0   6  32
 40  20  28
  0   1   5
  3   0  12
 33  33  33
 30  31  31
 31  12  17
  0   0   0
  0  21   0
 16  16  16
  1   0  10
  0   0   0
  0   0   0
  4   4   4
 25  25  25
  0   0   0
  7   7   7
  0  13  18
  0   0   0
 19   0   1
 13  22  33
  0   0   0
  0   4  17
  0   0   0
  0  17   0
 32   0   0
  0   4   7
  4   0  24
  0   0   0
 27   2  17
  0   5  28
 18  15  23
  0   0   0
  0   0   0
  0   0   0
 12   0  13
 17  17  17
  0   3   7
  5   0   0
  0   0   0
  0   0   0
  5   5   5
  9   9   9
  6  16  12
 15   0   0
 36  21   0
  5  19  23
  0   0   0
  0   8   0
  0   6   0
  0  11  28
 27  27  27
  7   7   7
  0   7   0
  0   1   8
 12   4  28
  0   0   0
 21  21  21
  4   4   4
 21  21  21
  4   0   0
 23   0   0
  0  21  45
 22   1  38
  0  21  27
  4   4   4
 13  13  13
  5   5   5
  0   0   0
  0   0   0
 15  15  15
  0  19   0
  0  27  36
 10   0   8
  9   9   9
  0   2  31
  0   0  11
 30   0   8
 22   0  23
  0   0   0
  0   0   0
 20  24  16
  0   0   0
 16  16  17
  0   7   0
 43  28  20
 13  13  13
  0   0   0
 18  18  18
  5   0   0
  0   0   0
  4   0   0
  0   3   3
 26   0  29
  0  17  26
 13   0  16
 29   0  31
 12   0   0
  0   0   0
  2   1   0
  0   0   0
  0   0  23
 18  18  18
  0   0   0
  0   5  19
 20   7  17
 30   0   0
  0   0   0
  0   0   0
 14  14  14
 14  14  14
 23  30  29
 26  31  24
  0   0   0
 12  12  15
 16  22   1
  0   0   0
  0  14  17
  0  15   0
  0   0   0
 35  14  25
  0   0   0
  0   0   0
 16   0  16
 18   0   0
 22  22  22
  0   6  28
 23  13  19
  0   3  19
  0  14   0
 19  19  19
 30  30  30
  0   5   0
 12  12  12
  0   0   0
  0   0   0
  0   0   0
  2   2   2
  2   2   2
  1   1   1
  0   0   0
  0   0   0
  0   9  31
 35  35  35
  5   0   7
  0   3   0
  0   1   1
  0   0   0
 13  13  13
  0   0   0
  2   2   2
  0  28  39
  0   0   0
 11  11   2
 10   9   8
 22  26  21
  8   7   8
 13  13  13
 51   0  19
 33  15   4
 33   0   0
 25  13   3
  0  12   0
 18  18  18
  0  18  41
  0   0   0
 19  19  19
 34   0  13
 25  25  25
 30   0   0
  0   0   0
 29  29  29
  0   0  21
 26  26  26
  8   8   8
  6   6   6
  0   0  24
 20   0  27
 26  20  32
  1   1   1
  0   0  34
  0   0   0
 28   0   0
  0   0   0
 24  26  24
