0.001 ! integration step
0.1   ! time lap
50    ! total time
   10
 1.000   4.907465e-01  -3.687115e+00  -9.641634e-01   1.024402e+00
 1.000   1.186017e+00   2.312764e+00   5.094647e-01  -4.535135e-01
 1.000   2.012596e+00   3.795419e+00  -7.882292e-01   1.244008e-01
 1.000  -2.851819e-01  -7.020615e-01  -1.194429e+00   1.531239e-01
 1.000   2.355648e-01  -8.534251e-01  -7.370921e-01   3.430290e-01
 1.000   4.280729e+00   2.326762e+00   9.956727e-01  -1.454522e-01
 1.000  -3.699410e+00  -2.539575e-01   1.219872e-01   2.937241e-01
 1.000   1.017894e+00  -3.528423e+00   9.863362e-01   8.627569e-01
 1.000   2.567968e+00  -9.247549e-01   5.859140e-01   4.584154e-01
 1.000  -2.246245e+00  -4.779137e-01  -1.147242e+00  -2.042862e+00
