0.001 ! integration step
0.1   ! time lap
50    ! total time
  100
 1.000   5.490588e-01  -3.708181e+00   1.605242e+00   1.099812e+00
 1.000   1.244329e+00   2.291698e+00  -1.602893e+00  -8.201122e-01
 1.000   2.070908e+00   3.774353e+00   5.591672e-01   1.819827e+00
 1.000  -2.268695e-01  -7.231276e-01  -1.530681e+00   8.843942e-02
 1.000   2.938771e-01  -8.744912e-01   1.338233e+00   1.131343e+00
 1.000   4.339041e+00   2.305696e+00  -1.441516e+00  -6.858546e-01
 1.000  -3.641098e+00  -2.750236e-01   4.664142e-01  -5.508549e-01
 1.000   1.076206e+00  -3.549489e+00   6.227924e-01  -2.619563e-02
 1.000   2.626280e+00  -9.458210e-01   1.242681e+00  -1.652939e+00
 1.000  -2.187933e+00  -4.989798e-01  -3.381287e-01   1.406562e+00
 1.000  -1.968062e+00   2.063613e+00  -1.127487e+00   6.477018e-01
 1.000   9.791946e-01  -8.922181e-01  -7.108805e-01  -4.792356e-01
 1.000  -1.616193e+00   2.636106e-01   1.308277e+00   9.574195e-01
 1.000  -2.428593e+00   3.210568e-01   1.025186e+00  -1.294211e+00
 1.000  -1.513919e+00   7.008671e-01   3.376110e-01   2.666486e-01
 1.000   1.951611e+00  -2.760954e-01   9.967119e-01   1.257727e+00
 1.000   2.042397e-01   6.022572e-01  -2.215843e+00  -3.277588e-01
 1.000   1.932938e+00   1.740323e+00   1.217993e-01   5.067078e-01
 1.000   1.132093e+00   9.316398e-01  -5.220535e-01  -5.908230e-01
 1.000  -2.334219e+00  -4.070914e+00   8.573939e-03   4.026303e-01
 1.000  -2.314300e+00   6.691390e+00   1.877887e+00  -5.436462e-01
 1.000   2.499815e-01  -1.387283e+00   3.764730e-01  -7.102269e-01
 1.000   1.111876e+00   1.993683e-01   1.951322e+00  -7.580413e-01
 1.000   1.272379e+00   1.407296e+00   2.295530e-01   1.407784e+00
 1.000  -1.835659e+00  -1.570953e+00  -1.069131e+00  -1.218486e+00
 1.000   2.234891e+00  -1.965717e+00   6.354403e-01  -6.389489e-01
 1.000   4.855671e-01  -1.161744e+00   1.600341e+00  -7.295816e-01
 1.000   8.556548e-01   1.597879e+00  -1.009337e+00  -1.001636e+00
 1.000  -1.223613e+00   2.371884e+00   6.846518e-02  -2.093630e+00
 1.000  -1.425141e+00  -1.561183e+00   2.042860e-01   3.890932e-01
 1.000  -4.642189e-01   2.414653e-01  -1.756797e+00  -4.814888e-01
 1.000  -1.580413e+00  -5.919170e+00  -5.074446e-01   1.389617e+00
 1.000  -1.594635e+00   5.702396e-01   6.083576e-02  -4.797947e-02
 1.000   1.041602e+00   1.681840e-01  -5.485153e-01   1.076423e+00
 1.000   5.438118e+00   1.223091e+00   8.336983e-01  -1.474886e+00
 1.000  -1.675361e+00  -6.316980e-03   7.474052e-01   1.003533e+00
 1.000   7.827164e-01   1.370065e+00   2.261332e-01   9.762260e-01
 1.000   1.546930e+00   1.113081e+00   7.387639e-01  -1.538073e+00
 1.000  -1.085433e+00   3.049910e+00  -6.143895e-01   2.090986e-01
 1.000   2.413297e+00   1.036297e-01  -1.876201e-01  -8.622191e-01
 1.000  -8.567354e-01   1.616956e+00  -1.237263e+00  -1.291400e+00
 1.000   1.110866e-01  -2.079268e+00  -1.998952e+00  -7.287114e-02
 1.000   1.864823e+00  -2.389940e-01  -2.765366e-01  -1.359322e+00
 1.000   4.410560e+00  -6.798786e+00   5.858542e-01  -9.743375e-01
 1.000   2.463585e+00  -1.174687e+00  -1.643770e+00  -1.270297e+00
 1.000  -1.957347e+00   9.372157e-01  -1.052715e+00   2.802504e-01
 1.000   5.738781e+00  -2.415096e+00  -8.247885e-01   3.220569e-01
 1.000   2.003733e+00   2.262528e+00  -1.134626e-01   1.358896e+00
 1.000   1.116606e+00  -1.235719e+00  -1.151688e-01  -7.627631e-01
 1.000  -4.530704e-01   4.432878e+00  -2.758910e+00  -1.552218e-01
 1.000  -3.119897e-01   5.762896e-01   8.444635e-01  -9.488286e-02
 1.000   1.155249e+00   1.867576e+00  -4.672105e-02   2.777500e-01
 1.000   3.335764e+00   3.435554e+00  -1.257169e-01   5.407972e-01
 1.000  -5.107740e-01  -2.325022e+00  -8.309654e-01  -1.986710e-01
 1.000   1.065430e+00  -2.816987e+00  -5.527863e-01   8.971684e-01
 1.000  -2.123013e+00  -8.911699e-01   1.572549e+00   1.633551e+00
 1.000  -2.328371e+00  -1.242909e+00  -4.757000e-01  -1.563208e-02
 1.000   1.215190e+00   1.231514e+00   5.426016e-01  -2.697981e-01
 1.000   1.005123e+00  -1.350330e+00  -1.157938e+00   1.283814e-01
 1.000   2.623559e+00   1.807825e+00  -2.990432e-01  -1.100376e+00
 1.000  -4.199725e+00  -5.144732e-01   2.626959e-01  -3.137385e-01
 1.000   2.043777e+00  -6.282463e-01  -1.380190e+00  -2.832363e-01
 1.000   2.142339e+00   6.627935e-02   1.060919e+00   1.055107e+00
 1.000   5.047037e+00  -3.487318e-01   6.393354e-01  -1.604206e-02
 1.000  -1.687390e+00   1.542767e-01   2.802752e-01  -1.951892e-01
 1.000  -1.345939e+00  -6.332437e-01   6.591872e-02  -8.655872e-01
 1.000  -1.254187e+00  -2.114190e+00   1.063413e+00  -7.402446e-01
 1.000   2.108803e+00   1.005860e-02   1.401440e+00  -2.142967e+00
 1.000   4.241866e-01  -3.390357e+00  -5.454058e-01  -5.994855e-02
 1.000   2.692685e+00  -3.926948e+00   7.109025e-01   7.794062e-01
 1.000  -4.667839e-01   8.984557e-02  -4.573770e-01   7.149234e-01
 1.000  -3.428047e+00   3.225306e+00   7.441264e-01  -2.364322e-01
 1.000  -1.327168e+00  -1.157262e+00   7.049424e-01  -1.521979e+00
 1.000   3.453007e-01   1.598820e+00  -5.728903e-01   6.951254e-01
 1.000   1.071320e+00  -1.646665e+00  -1.402667e-01   3.773748e-01
 1.000   2.888496e-01  -1.801890e-01  -8.313618e-01  -7.654772e-03
 1.000   1.879246e+00   2.355752e+00  -1.074826e+00  -1.411321e+00
 1.000   4.632989e-02   6.110746e-01  -1.131951e+00   1.127641e+00
 1.000   1.905675e+00  -1.183832e-02  -5.217632e-01   5.740293e-01
 1.000   4.262599e-01   2.485926e+00  -1.452860e+00  -4.997065e-01
 1.000   2.903403e-01   5.861921e-01   7.661852e-01   4.129454e-02
 1.000  -1.265574e+00  -8.170186e-01   1.634441e-01  -2.412282e+00
 1.000   7.128161e-02   1.868815e+00   2.697716e+00   2.831284e-01
 1.000  -2.760677e+00  -6.548862e-01  -1.546647e+00  -2.685312e-01
 1.000   7.801388e-01   1.497719e+00  -9.584314e-01   3.580978e-01
 1.000   3.175980e-01  -1.223110e+00  -1.032640e+00   2.926888e-01
 1.000   1.373518e+00   3.652455e-01   2.978399e-01  -5.930610e-01
 1.000   9.326434e-01  -1.430347e+00   5.906666e-01  -3.193246e-02
 1.000   4.435025e-01  -4.580328e-01  -6.503143e-01  -9.886472e-02
 1.000  -8.233177e-01  -2.388385e+00  -3.853613e-02  -1.624133e-01
 1.000  -2.432670e+00  -3.326394e+00   1.975049e-02  -3.207474e-01
 1.000   2.573146e+00  -1.249451e+00   1.141256e+00   1.745986e-01
 1.000   3.907078e+00  -3.788507e+00   1.038479e+00   1.305952e+00
 1.000  -5.007434e-01   2.591015e+00   6.017812e-02   9.008909e-01
 1.000  -2.557760e+00  -2.460302e+00  -6.426483e-02  -3.765194e-01
 1.000   6.731029e-01   1.021646e+00   1.291899e+00   6.848819e-01
 1.000   9.735416e-02  -1.623551e+00   1.006043e-01  -6.494451e-01
 1.000  -2.970651e-01   4.105683e+00   4.453421e-01   5.944846e-01
 1.000   2.287272e+00   1.540349e-01  -2.372523e-01   8.636558e-02
 1.000  -1.724784e+00  -7.743229e-01   2.673832e-01  -1.631539e+00
