0.001 ! integration step
0.1   ! time lap
50    ! total time
   32
 1.000   5.525698e-01  -3.707391e+00  -8.110010e-01   2.837367e-01
 1.000   1.247840e+00   2.292488e+00   5.071174e-01   8.270890e-02
 1.000   2.074419e+00   3.775143e+00   2.705376e+00   6.101623e-01
 1.000  -2.233585e-01  -7.223371e-01  -8.513639e-01  -4.541585e-03
 1.000   2.973881e-01  -8.737007e-01   3.776748e-01   6.836495e-01
 1.000   4.342552e+00   2.306486e+00   7.597818e-01   5.551573e-01
 1.000  -3.637587e+00  -2.742331e-01  -5.563998e-01   1.523572e+00
 1.000   1.079717e+00  -3.548699e+00   1.192965e+00   5.043174e-02
 1.000   2.629791e+00  -9.450305e-01  -4.420511e-01   8.070947e-01
 1.000  -2.184422e+00  -4.981893e-01   4.185985e-02  -1.041017e+00
 1.000  -1.964551e+00   2.064404e+00   9.187282e-01  -1.208801e-01
 1.000   9.827056e-01  -8.914276e-01   2.191596e+00  -3.400776e+00
 1.000  -1.612682e+00   2.644011e-01   1.218109e+00  -5.887264e-01
 1.000  -2.425082e+00   3.218473e-01  -9.923568e-01   4.672248e-01
 1.000  -1.510408e+00   7.016576e-01   2.855707e+00  -1.208931e+00
 1.000   1.955122e+00  -2.753049e-01   9.881833e-01   1.129881e+00
 1.000   2.077507e-01   6.030477e-01   5.446198e-01  -6.192428e-01
 1.000   1.936449e+00   1.741113e+00  -2.402186e-01   2.215056e+00
 1.000   1.135604e+00   9.324303e-01  -1.696783e-01   2.867617e-01
 1.000  -2.330708e+00  -4.070124e+00   5.639411e-01   9.324047e-01
 1.000  -2.310789e+00   6.692180e+00   1.654198e+00   1.716394e+00
 1.000   2.534925e-01  -1.386492e+00  -2.690704e-01  -1.163894e+00
 1.000   1.115387e+00   2.001588e-01   5.190315e-01  -1.409876e+00
 1.000   1.275890e+00   1.408087e+00  -1.075190e+00  -4.469680e-01
 1.000  -1.832148e+00  -1.570163e+00  -1.177869e+00  -6.228378e-01
 1.000   2.238402e+00  -1.964927e+00   5.939113e-01   6.143741e-01
 1.000   4.890781e-01  -1.160954e+00   4.888781e-01  -6.765481e-01
 1.000   8.591659e-01   1.598670e+00   1.298096e+00   9.025292e-01
 1.000  -1.220102e+00   2.372674e+00  -2.113546e+00  -2.586197e-01
 1.000  -1.421630e+00  -1.560392e+00   1.008205e+00  -3.155063e-01
 1.000  -4.607079e-01   2.422558e-01   1.057486e+00   3.175658e-02
 1.000  -1.576902e+00  -5.918380e+00   2.509835e+00  -1.757490e-01
