0.001 ! integration step
0.1   ! time lap
50    ! total time
  320
 1.000   5.519643e-01  -3.709242e+00   1.253950e+00  -1.463434e-02
 1.000   1.247235e+00   2.290636e+00   1.279922e-01  -9.839658e-01
 1.000   2.073813e+00   3.773292e+00  -6.532712e-01   5.818215e-02
 1.000  -2.239640e-01  -7.241889e-01  -2.569768e-01  -3.058413e-01
 1.000   2.967826e-01  -8.755525e-01  -1.340432e+00   1.371201e+00
 1.000   4.341947e+00   2.304634e+00  -7.513966e-01   1.676774e+00
 1.000  -3.638192e+00  -2.760849e-01  -5.974008e-01   1.661004e+00
 1.000   1.079112e+00  -3.550551e+00   6.816514e-01  -2.843659e+00
 1.000   2.629186e+00  -9.468823e-01  -5.967680e-01  -9.610274e-01
 1.000  -2.185027e+00  -5.000411e-01   1.229516e+00   2.266864e-01
 1.000  -1.965156e+00   2.062552e+00  -6.793823e-04   1.213089e-01
 1.000   9.821001e-01  -8.932794e-01  -6.859303e-01   2.769671e-01
 1.000  -1.613288e+00   2.625493e-01  -1.240528e+00  -7.742033e-01
 1.000  -2.425688e+00   3.199955e-01   1.283693e+00  -5.309341e-01
 1.000  -1.511014e+00   6.998058e-01  -1.866731e+00   6.570219e-01
 1.000   1.954516e+00  -2.771567e-01   2.273826e-01  -1.600665e+00
 1.000   2.071452e-01   6.011959e-01  -2.850218e-01   9.781570e-03
 1.000   1.935843e+00   1.739261e+00  -2.105964e+00   3.306328e-01
 1.000   1.134999e+00   9.305785e-01  -2.070260e+00   1.277869e-01
 1.000  -2.331314e+00  -4.071976e+00   2.160615e-01   9.950463e-01
 1.000  -2.311394e+00   6.690329e+00   4.783257e-01   1.314809e+00
 1.000   2.528870e-01  -1.388344e+00   4.025412e-01   4.986994e-01
 1.000   1.114781e+00   1.983070e-01   4.571830e-01   5.158287e-01
 1.000   1.275285e+00   1.406235e+00   1.249803e+00   5.833867e-01
 1.000  -1.832754e+00  -1.572015e+00   1.064395e-01   7.796786e-03
 1.000   2.237796e+00  -1.966778e+00  -1.454632e+00   3.296136e-01
 1.000   4.884726e-01  -1.162806e+00   1.433246e+00  -2.022877e+00
 1.000   8.585604e-01   1.596818e+00   1.103519e+00  -1.256630e-01
 1.000  -1.220708e+00   2.370822e+00  -4.052347e-01   5.759841e-01
 1.000  -1.422235e+00  -1.562244e+00   3.707389e+00   1.701397e+00
 1.000  -4.613134e-01   2.404040e-01  -3.293885e-02  -3.615173e-03
 1.000  -1.577507e+00  -5.920231e+00  -3.113654e+00   2.487664e-03
 1.000  -1.591730e+00   5.691783e-01   1.482392e+00  -1.884031e+00
 1.000   1.044507e+00   1.671227e-01   7.208286e-01   8.005528e-01
 1.000   5.441024e+00   1.222030e+00   1.142793e+00  -2.132231e+00
 1.000  -1.672455e+00  -7.378290e-03   1.764698e+00   8.287706e-02
 1.000   7.856219e-01   1.369004e+00   1.505028e-01  -5.124476e-01
 1.000   1.549836e+00   1.112020e+00  -2.174134e-01   1.284653e+00
 1.000  -1.082527e+00   3.048848e+00  -2.836078e-01  -1.888693e+00
 1.000   2.416203e+00   1.025684e-01  -5.144885e-01  -2.011372e+00
 1.000  -8.538299e-01   1.615894e+00   2.545504e-01   6.346569e-01
 1.000   1.139921e-01  -2.080329e+00  -1.615726e+00  -9.270971e-01
 1.000   1.867729e+00  -2.400553e-01   1.189534e-01   4.687643e-01
 1.000   4.413465e+00  -6.799848e+00   4.488437e-01  -1.675967e+00
 1.000   2.466490e+00  -1.175748e+00  -1.832403e+00  -9.891919e-02
 1.000  -1.954441e+00   9.361544e-01   5.193953e-01  -1.672757e+00
 1.000   5.741686e+00  -2.416158e+00  -8.549356e-01  -1.103109e+00
 1.000   2.006639e+00   2.261467e+00  -5.690974e-02  -4.323430e-01
 1.000   1.119512e+00  -1.236781e+00   4.490277e-01   5.541373e-01
 1.000  -4.501649e-01   4.431817e+00   1.254175e+00   3.376368e-01
 1.000  -3.090842e-01   5.752283e-01   6.004737e-03   7.387609e-01
 1.000   1.158155e+00   1.866514e+00  -2.649531e-01   2.864940e-02
 1.000   3.338669e+00   3.434493e+00   6.798188e-01  -1.281079e+00
 1.000  -5.078685e-01  -2.326083e+00   1.445201e+00   1.306452e+00
 1.000   1.068335e+00  -2.818048e+00  -1.385587e+00   5.926299e-01
 1.000  -2.120107e+00  -8.922312e-01  -3.854268e-01  -5.301943e-01
 1.000  -2.325465e+00  -1.243971e+00  -4.063324e-01  -1.740860e+00
 1.000   1.218095e+00   1.230453e+00   8.154607e-01   1.315033e+00
 1.000   1.008029e+00  -1.351391e+00  -1.087132e-01  -8.641661e-01
 1.000   2.626465e+00   1.806763e+00  -1.074656e+00  -5.883223e-02
 1.000  -4.196820e+00  -5.155345e-01   3.457767e-01  -1.223449e+00
 1.000   2.046682e+00  -6.293076e-01   1.514249e-01  -1.421157e+00
 1.000   2.145245e+00   6.521804e-02  -3.728959e-01  -1.310880e+00
 1.000   5.049942e+00  -3.497932e-01  -2.422225e+00  -9.362246e-01
 1.000  -1.684484e+00   1.532154e-01   1.368205e+00   4.893255e-01
 1.000  -1.343033e+00  -6.343050e-01   1.333513e+00   5.426638e-01
 1.000  -1.251281e+00  -2.115252e+00   6.514782e-01  -9.702029e-01
 1.000   2.111709e+00   8.997289e-03   1.308979e+00  -9.612878e-01
 1.000   4.270921e-01  -3.391418e+00   1.260033e+00   1.990532e+00
 1.000   2.695590e+00  -3.928009e+00   9.097538e-01  -9.401955e-01
 1.000  -4.638784e-01   8.878426e-02   9.855792e-01  -6.443654e-01
 1.000  -3.425142e+00   3.224245e+00   1.543254e+00   6.535422e-01
 1.000  -1.324263e+00  -1.158323e+00  -6.108711e-02  -1.362344e-01
 1.000   3.482062e-01   1.597759e+00  -3.597855e-01   2.322944e-02
 1.000   1.074226e+00  -1.647726e+00  -2.796534e-01  -1.463534e+00
 1.000   2.917551e-01  -1.812503e-01  -2.549964e+00   1.465928e+00
 1.000   1.882151e+00   2.354690e+00   1.047822e+00   2.998696e-01
 1.000   4.923540e-02   6.100133e-01   4.063457e-01  -2.983765e+00
 1.000   1.908580e+00  -1.289963e-02  -1.165157e+00   4.605217e-01
 1.000   4.291654e-01   2.484865e+00  -9.275927e-01  -4.276331e-01
 1.000   2.932458e-01   5.851308e-01   1.542009e+00   4.224991e-01
 1.000  -1.262669e+00  -8.180799e-01  -2.467364e-01   1.764417e-01
 1.000   7.418711e-02   1.867753e+00  -5.648520e-01  -5.107027e-01
 1.000  -2.757771e+00  -6.559475e-01  -5.780366e-01  -1.019936e+00
 1.000   7.830443e-01   1.496657e+00  -5.175066e-01   9.724263e-01
 1.000   3.205035e-01  -1.224172e+00  -2.042587e-01   8.874691e-01
 1.000   1.376424e+00   3.641842e-01   1.848886e+00   7.974175e-01
 1.000   9.355489e-01  -1.431409e+00  -2.500973e+00  -6.401066e-01
 1.000   4.464080e-01  -4.590941e-01   5.267385e-01   1.240907e+00
 1.000  -8.204122e-01  -2.389447e+00  -1.226022e+00   2.602754e+00
 1.000  -2.429765e+00  -3.327456e+00  -9.209849e-01   1.094171e+00
 1.000   2.576052e+00  -1.250512e+00  -4.852965e-02   1.608088e-01
 1.000   3.909984e+00  -3.789568e+00  -4.352156e-01  -8.579065e-01
 1.000  -4.978379e-01   2.589954e+00  -7.570951e-01   5.544973e-01
 1.000  -2.554854e+00  -2.461363e+00  -8.082487e-01   1.679158e-01
 1.000   6.760084e-01   1.020585e+00  -7.614781e-01   1.208113e+00
 1.000   1.002597e-01  -1.624613e+00  -4.479798e-01   2.158624e+00
 1.000  -2.941596e-01   4.104622e+00   4.132709e-01  -2.132334e+00
 1.000   2.290177e+00   1.529736e-01  -8.985805e-02   1.012691e-01
 1.000  -1.721878e+00  -7.753842e-01   4.589857e-01  -1.152453e-01
 1.000   3.209353e+00   2.197738e+00   1.318746e+00   1.908369e-01
 1.000  -3.206917e+00  -1.642112e+00   8.242934e-01  -2.657862e-01
 1.000   1.117204e+00   3.637766e+00  -4.385718e-01  -3.328671e-01
 1.000  -3.062493e+00   1.749916e-01  -4.875857e-01  -3.142363e-01
 1.000   2.675335e+00   2.260799e+00   1.910424e-01  -8.218334e-01
 1.000  -2.884163e+00  -1.373596e+00   8.461571e-01   1.621939e+00
 1.000   9.316979e-01  -1.103597e+00   1.460176e+00  -1.247812e-01
 1.000   1.244454e+00  -5.427855e-02  -1.847092e+00   6.036215e-01
 1.000   2.484232e+00  -3.307765e+00   5.522183e-01   8.316292e-01
 1.000  -6.773878e-01   2.811237e+00  -5.785474e-01  -2.228430e-01
 1.000  -2.256104e+00   1.293516e+00   5.923432e-01  -1.337718e+00
 1.000  -1.422891e+00  -9.603585e-01  -1.080238e+00  -6.528756e-01
 1.000   2.615423e+00   1.912952e+00  -3.630425e-01  -4.451319e-02
 1.000   2.049241e+00  -2.590309e+00   6.658017e-01  -5.289821e-01
 1.000   6.740915e-01   5.314099e-01  -7.288254e-01  -5.864155e-02
 1.000   1.992293e+00   2.513567e+00  -1.587411e-01  -5.078517e-01
 1.000  -4.432816e+00  -6.574048e-01   4.617608e-01  -1.141633e+00
 1.000   2.424682e-01   1.011528e+00   3.265663e-01   6.643739e-01
 1.000  -1.045237e+00  -1.183533e+00   5.584454e-02   6.316087e-01
 1.000   1.601747e-02   8.033732e-01   4.948690e-01   2.175150e+00
 1.000   3.754643e+00  -1.089180e+00   6.470110e-01  -1.607619e+00
 1.000   7.518156e-01  -1.422341e+00  -4.227693e-01  -7.550975e-01
 1.000   3.901514e+00  -1.517970e+00   7.947234e-01  -6.091386e-01
 1.000   4.579756e-01   2.813682e+00  -1.613320e+00   4.527895e-01
 1.000  -2.139393e+00  -2.438859e+00  -1.355990e+00  -7.251247e-01
 1.000   1.269750e+00  -1.279785e+00  -2.176508e-01   6.841414e-01
 1.000   3.199552e+00  -1.461050e+00  -9.961182e-02  -5.889705e-01
 1.000  -2.019804e+00  -2.005159e+00   9.104519e-01  -1.615824e-01
 1.000   1.357999e-01  -4.189147e+00   5.005123e-03  -1.180548e+00
 1.000   4.074416e-01   7.762990e-01  -1.638404e+00  -3.229808e-01
 1.000  -3.514724e+00  -9.648648e-01   1.633345e+00   1.505724e+00
 1.000  -1.016020e+00   2.777347e+00  -5.489651e-01  -1.592387e+00
 1.000   1.205411e-01  -9.784624e-02   4.147735e-01  -8.596659e-02
 1.000  -1.098161e+00   2.150959e+00  -1.230436e+00  -1.130898e-01
 1.000   1.666266e+00  -2.951659e+00  -1.558729e-02   9.775502e-01
 1.000   1.493680e+00   2.005179e+00   4.475983e-01   1.333604e+00
 1.000   4.511359e-01   1.950565e+00  -3.002392e-01   9.314191e-01
 1.000   1.476397e+00  -3.078033e+00  -1.148102e+00  -6.576237e-01
 1.000  -1.229909e+00   4.163099e-01   9.027235e-01   1.384055e+00
 1.000  -3.763706e-01  -1.726325e+00  -3.410395e-01  -1.229244e+00
 1.000  -2.475656e+00  -2.584687e+00   1.320607e+00  -4.846431e-01
 1.000  -3.999035e+00  -1.476296e-01  -2.789880e-01   1.403112e-01
 1.000  -5.542036e-01  -2.720531e+00   2.004786e+00   1.310180e-01
 1.000   1.170578e+00  -1.950562e+00   1.029949e+00   3.190941e-01
 1.000  -3.288671e+00  -2.542482e+00  -7.643856e-01   9.328029e-01
 1.000  -2.106561e+00   5.586136e-01   5.324638e-01   3.264237e-01
 1.000  -1.650707e+00   6.422265e-01  -9.514162e-02   2.188238e+00
 1.000  -2.280556e-01   2.715904e+00   5.290219e-01   8.323067e-01
 1.000  -2.314681e-01  -1.527413e+00   1.593460e-01   8.924668e-02
 1.000  -5.518950e+00  -3.123309e-01  -8.726906e-01   7.031101e-01
 1.000   1.687797e+00  -1.916530e-01   9.446060e-01  -1.605572e-01
 1.000  -9.457252e-02   5.536126e-01   8.577424e-01  -2.391550e+00
 1.000  -2.525642e-01   1.079707e+00   1.156324e+00  -2.708265e-01
 1.000  -1.663061e+00  -3.992293e-01  -6.566289e-01  -6.767381e-01
 1.000  -1.106703e+00   1.792449e+00  -1.122372e+00  -3.175804e-01
 1.000   3.143967e+00   3.265214e+00   3.475185e-01  -7.522510e-01
 1.000  -9.525304e-01  -3.315144e-02   1.736920e-01  -1.545617e-03
 1.000   1.084073e+00  -5.414835e-01  -1.203773e+00  -1.680707e-01
 1.000  -2.317005e+00   2.548756e-01   5.489176e-01   5.861491e-01
 1.000  -5.992167e-01  -2.202639e+00  -1.654261e+00   4.687781e-01
 1.000   5.242613e-01  -6.293643e-01  -6.343882e-01  -6.570261e-01
 1.000  -2.761511e+00  -5.683599e-01  -8.454525e-01   8.264194e-01
 1.000   2.120708e+00   2.108327e+00  -1.145285e+00  -1.124000e+00
 1.000   1.277540e+00  -3.397141e-02   1.588905e+00  -9.092873e-01
 1.000   5.594199e-01  -3.922658e-01  -5.368044e-02   5.518522e-01
 1.000   1.307070e-01  -1.733062e+00  -2.741698e-01   7.809033e-01
 1.000   2.125695e+00  -1.482376e+00  -1.337683e-01   8.086334e-01
 1.000   2.801750e+00  -4.287822e+00   2.863590e-01   4.441996e-01
 1.000  -1.091942e+00  -1.217844e-01  -1.939406e-01  -4.438626e-01
 1.000   1.420675e+00   1.556925e+00   2.210541e-01   4.330559e-02
 1.000  -9.158843e-01   1.427960e+00   4.582435e-01   6.724632e-01
 1.000   1.487122e+00  -4.747517e-01  -4.063718e-01  -5.620457e-01
 1.000   1.408754e+00  -3.045845e+00  -8.615695e-03   5.298282e-01
 1.000  -1.146911e+00   1.388364e+00  -8.875308e-02   3.930347e-01
 1.000  -2.816638e-01   7.528623e-01   9.164204e-01   1.246092e+00
 1.000  -1.663854e+00  -1.719683e-02   7.367963e-01   1.519206e+00
 1.000  -2.150783e+00  -2.824530e+00   1.063334e+00  -1.731094e+00
 1.000  -2.265032e+00   2.253395e+00  -4.976918e-01   2.396674e-01
 1.000  -1.044657e+00   1.146171e+00   1.541662e+00  -3.697192e-01
 1.000  -2.906850e+00  -1.001300e+00  -1.451132e+00  -2.132411e-01
 1.000   1.531240e+00   8.070180e-02   2.051030e-01  -3.727132e-01
 1.000   3.257577e-01  -4.826451e+00   6.618269e-01  -3.079251e-01
 1.000   5.394302e+00   5.643695e-01   1.519262e-01  -9.957922e-01
 1.000  -3.094424e+00  -5.389497e-01  -4.218102e-01   1.332732e+00
 1.000  -1.917993e+00   7.143083e-01   2.928576e-01  -1.168212e+00
 1.000  -2.066410e+00   5.834904e-01  -1.974590e+00   8.255862e-01
 1.000   5.945494e-01  -1.188009e+00  -7.938206e-01   1.721731e-01
 1.000   1.180203e+00  -6.575221e-02  -8.873130e-01   7.945392e-01
 1.000  -1.301759e+00  -1.996167e-01   3.038315e-01  -9.912524e-01
 1.000  -7.820267e-02  -3.267139e-01  -2.872300e-01  -8.369517e-01
 1.000   3.837057e-02  -6.433820e-01  -2.945215e-01  -1.938545e-01
 1.000   2.281381e+00   3.473099e-01   7.926631e-02  -9.023698e-02
 1.000   2.075828e+00   2.610017e+00   2.151565e+00  -7.108455e-01
 1.000   1.192258e-01   1.799895e+00  -6.163903e-01  -1.992709e+00
 1.000  -1.296601e-01  -7.549261e-01  -3.780369e-01   6.534030e-01
 1.000   2.582668e+00   1.367877e+00  -5.756985e-01   7.011024e-01
 1.000   2.000783e-01  -1.300778e+00   1.400304e+00   8.695787e-01
 1.000   8.895537e-01   1.187082e+00   7.487671e-01   8.003809e-01
 1.000  -4.756351e-01   1.708439e-01   1.757571e+00   6.690565e-01
 1.000   5.336361e-01  -3.264966e+00   1.262350e+00   6.811693e-01
 1.000   3.390616e+00   1.469685e+00   4.048331e-01  -9.135389e-01
 1.000  -3.850520e+00   2.693401e+00  -1.065667e+00  -6.663355e-01
 1.000   1.553469e+00  -1.424638e+00   1.574374e+00  -6.704546e-01
 1.000  -2.109480e+00  -1.610002e-03  -4.055600e-01   2.652162e-01
 1.000  -1.437654e+00   6.713406e-01  -9.231595e-01  -1.910979e+00
 1.000   3.035745e+00  -2.924400e+00   1.997227e-01   1.398725e+00
 1.000  -6.187124e-02   3.256853e+00  -3.873124e-01  -1.371471e+00
 1.000   3.980815e+00   7.462166e-01   1.853108e-01  -2.162043e+00
 1.000  -1.174127e+00   1.216915e+00   3.646514e-01  -9.111388e-01
 1.000  -1.747675e+00  -1.765939e+00  -6.996001e-02   1.558265e+00
 1.000   2.577271e+00   3.995743e-01   6.897541e-03   4.695245e-02
 1.000   1.082669e+00  -2.115265e+00   5.303646e-01   1.565515e+00
 1.000  -7.196241e-01  -9.478390e-01  -7.325353e-01   5.793993e-01
 1.000  -1.878769e+00   9.021197e-01  -1.543882e-01  -1.247471e+00
 1.000   3.403947e-01  -1.809965e+00  -4.808671e-01  -1.291766e+00
 1.000   1.979006e+00  -8.486893e-01  -1.009019e+00  -4.998579e-01
 1.000  -2.562400e+00  -1.130033e+00   1.270039e+00  -6.160405e-01
 1.000   2.613137e-01  -7.130841e-03   7.164155e-01   9.254343e-01
 1.000  -7.383394e-01   1.553429e+00   2.773817e-01  -1.808325e-01
 1.000   8.132226e-01  -3.258824e+00  -6.104029e-01   6.882949e-01
 1.000  -2.379304e+00   6.429448e+00   8.831657e-01  -1.850365e-01
 1.000   3.563850e+00  -3.078664e+00  -1.542659e+00   2.578284e-01
 1.000   4.506348e+00  -1.403327e+00   4.376504e-01  -2.213478e-01
 1.000  -9.732491e-01  -7.204586e-01  -4.832122e-01   2.341857e-01
 1.000   5.343832e-01   3.332068e+00  -3.383462e-01  -8.269524e-01
 1.000   3.097115e+00   3.010415e+00   9.503986e-03   1.458035e-01
 1.000   1.318172e+00   9.379519e-01  -5.496743e-02   9.067856e-01
 1.000  -2.412175e-01  -1.498390e+00  -7.969410e-01  -1.091110e+00
 1.000   4.487903e+00  -9.251087e-01  -5.421912e-02   2.557835e+00
 1.000  -3.187119e+00   2.499356e+00  -1.016302e+00   1.012306e+00
 1.000  -1.434834e+00   9.734543e-01   7.055149e-01  -1.775304e+00
 1.000   7.699638e-01  -3.021149e+00   8.384549e-01   5.579450e-03
 1.000   2.510551e-02   1.082636e+00   1.006955e+00  -8.036427e-01
 1.000  -2.351022e+00   1.419736e+00   1.084467e+00   2.742013e-01
 1.000   5.922906e-02   4.395799e-02   9.126446e-01   2.018983e+00
 1.000   2.259184e+00   8.810622e-01   4.734363e-01   3.507524e-01
 1.000  -1.734543e+00  -1.885561e+00   2.036417e+00  -1.798593e+00
 1.000   1.767480e+00  -5.216526e-01   1.098869e+00  -1.261310e+00
 1.000  -1.375687e-01  -1.067784e+00   1.274027e+00  -1.574284e+00
 1.000   1.202600e+00  -4.391874e-01  -2.575573e+00   4.410269e-01
 1.000  -1.380060e+00   6.013454e-01  -1.357785e+00  -2.190030e-01
 1.000   9.308258e-01   5.186476e+00  -8.075908e-01  -1.314240e+00
 1.000  -2.254023e+00   2.232282e+00  -2.312171e-01  -2.753551e-01
 1.000  -1.283342e+00   5.623760e-02  -1.681626e+00   3.125826e-01
 1.000   1.643350e+00   5.257033e-01   3.495904e-01   5.966761e-01
 1.000   2.783413e+00   8.507746e-01  -2.314623e-02   1.082389e+00
 1.000  -4.376191e-01  -1.418921e-01   1.042032e+00   1.267795e+00
 1.000  -6.504703e+00  -1.831453e+00   1.054311e+00   9.337989e-01
 1.000   9.586230e-01   1.807199e+00  -2.044361e-01   2.015069e+00
 1.000   1.178074e+00   1.170155e+00   1.741182e-01  -7.496984e-01
 1.000  -7.715345e-01   4.473187e+00  -1.660897e+00  -3.596006e-01
 1.000  -4.840698e+00   5.967587e-01   9.315473e-01   2.917673e-01
 1.000  -2.729901e+00   6.500387e-01  -1.479054e+00  -3.795817e-01
 1.000   1.764460e+00  -1.344675e+00   1.179061e+00   1.007381e+00
 1.000  -2.626842e+00  -2.440286e+00  -3.870839e-01  -3.215507e-01
 1.000  -8.574598e-01  -3.623027e+00   1.520794e+00   9.499080e-01
 1.000   3.278449e+00  -5.382439e-01  -9.744481e-01  -3.685450e+00
 1.000   3.051579e+00  -1.136361e+00  -1.086503e+00   5.995114e-01
 1.000   1.475057e+00   2.744989e-01  -8.393703e-01   3.768695e-01
 1.000   2.490836e-01  -1.106582e+00  -2.474562e-01  -2.513370e-01
 1.000   3.456152e+00  -4.105252e-01  -5.138686e-01  -1.394336e-01
 1.000   7.578158e-01   1.014139e+00   8.227348e-03  -5.844147e-01
 1.000  -3.268814e-01  -1.483406e+00  -1.302948e+00  -1.597642e+00
 1.000  -3.794536e+00   8.021414e-02   6.827379e-01  -1.406920e+00
 1.000  -2.199642e+00  -4.759275e-01  -1.317897e+00   1.130277e+00
 1.000   1.598660e+00   2.169162e+00   5.725936e-01  -2.295568e+00
 1.000   3.287327e-01  -9.516140e-02  -1.606041e+00  -1.339127e+00
 1.000   1.492108e+00   1.157010e+00  -4.546806e-01   1.353828e+00
 1.000   2.852448e+00  -1.711325e+00   7.954823e-01   5.588363e-01
 1.000   1.671355e+00  -9.843446e-01   4.926856e-01   3.319860e-01
 1.000   2.412276e+00  -1.201556e+00   1.161090e+00  -7.666944e-01
 1.000  -2.281537e+00   1.637010e+00   1.234350e+00   1.008843e+00
 1.000   2.298872e+00   1.955767e+00   1.211108e-01  -1.763037e+00
 1.000  -1.115917e+00   1.326696e+00   7.907788e-01   1.622495e+00
 1.000   3.100997e+00   1.174242e+00   5.147632e-01   1.070338e+00
 1.000   4.146677e-01   8.428012e-01   3.001725e+00   7.729537e-01
 1.000   1.451977e+00   2.742663e+00  -6.477719e-01   9.622817e-01
 1.000   2.290470e+00  -1.032480e+00  -1.148568e+00  -2.984127e-01
 1.000  -3.805897e+00   1.815436e+00  -1.162704e+00  -2.751966e-01
 1.000  -2.811888e+00  -6.426194e-01  -4.103479e-01   7.022835e-01
 1.000  -2.812705e+00   2.574438e+00  -2.905752e-01  -1.923235e+00
 1.000  -2.243275e+00  -1.229872e+00  -1.574981e+00   2.138204e+00
 1.000   1.526858e+00   1.415705e+00   9.909939e-01   7.443349e-01
 1.000  -2.941296e+00  -3.056546e+00   8.043771e-01  -2.131108e+00
 1.000   1.649990e+00   2.868065e+00  -1.390502e-01  -1.577608e-01
 1.000   1.460288e+00   1.205580e+00  -6.611803e-01   9.052961e-01
 1.000  -1.830494e+00   3.931507e+00   1.311021e-01   1.485731e+00
 1.000  -2.344068e+00   2.519213e+00   6.824868e-02  -7.275042e-01
 1.000  -1.012749e+00  -1.321000e+00   5.920648e-02  -1.288671e+00
 1.000  -7.661237e-02  -1.378015e+00   3.770025e+00  -1.391649e+00
 1.000   6.183363e-02   2.257494e+00  -8.407934e-01  -7.967555e-01
 1.000   1.520126e+00   7.993248e-01   1.971188e+00  -2.010891e-01
 1.000  -2.232360e-01   8.189658e-01   2.237448e-01  -7.434965e-01
 1.000   3.795459e+00  -3.499288e+00   8.467089e-01  -9.192758e-01
 1.000   1.346006e+00  -1.130015e-01  -5.623736e-01   8.766480e-01
 1.000   2.318119e+00  -5.237518e+00   2.038084e-01   1.688689e+00
 1.000   2.984206e-01   9.552940e-02   3.849814e-01   8.114141e-01
 1.000  -3.070617e+00   3.208856e-01   7.210921e-01   3.361590e-02
 1.000  -5.760248e-01   3.800151e-01   3.773427e-01  -1.234932e+00
 1.000   1.054889e+00  -2.001358e+00   8.003054e-01   6.381569e-01
 1.000  -7.671472e-01   7.357103e-01   2.026828e+00   2.147431e-01
 1.000   5.338540e+00   2.265613e+00  -7.857695e-01  -6.173705e-01
 1.000  -1.592309e+00   3.320800e+00   8.116394e-01  -3.132440e-01
 1.000   7.913738e-03  -5.991581e-01   7.191889e-02  -1.504508e+00
 1.000  -3.741584e-02   7.960166e-01  -7.367072e-01  -6.562718e-01
 1.000   1.221563e+00  -3.453195e+00  -1.158380e+00  -3.094028e-01
 1.000   5.908872e-01   2.280748e+00  -1.310988e-01   5.321438e-01
 1.000  -5.965718e-01   2.262751e+00  -1.276011e+00  -8.792769e-01
 1.000   2.674305e-01  -1.860055e+00  -9.737669e-02   2.045096e-02
 1.000   2.838311e+00  -1.203499e+00  -7.907580e-01   4.494203e-02
 1.000  -5.442611e-01   1.175289e+00   1.514711e-02   2.146880e-01
 1.000   9.047058e-01   9.696135e-01  -1.270273e-01   5.912763e-02
 1.000   3.242773e+00   2.097133e-01   6.020084e-01   1.213387e+00
 1.000  -2.281232e+00  -3.998131e-01   4.711526e-01   1.170214e+00
 1.000  -6.444457e-01  -1.555279e+00   1.035381e-02   1.810291e+00
 1.000  -1.059176e+00  -1.375391e-01  -1.233943e+00  -4.943979e-02
 1.000   3.303084e+00  -3.134754e+00   7.904396e-01  -1.369054e+00
 1.000  -1.948739e+00   2.208345e+00  -2.388660e+00   8.247709e-01
 1.000   4.448636e+00   3.281040e+00   1.131931e+00   1.770612e+00
 1.000   3.041836e+00   2.974781e+00   2.437527e+00   1.173453e+00
